ALLOW_SOFT_PLACEMENT=<absl.flags._flag.BooleanFlag object at 0x7fa16b85c4a8>
BATCH_SIZE=<absl.flags._flag.Flag object at 0x7fa16b855eb8>
EMBEDDING_SIZE=<absl.flags._flag.Flag object at 0x7fa16b85c240>
EPOCHS=<absl.flags._flag.Flag object at 0x7fa16b85c198>
EPSILON=<absl.flags._flag.Flag object at 0x7fa1811e0588>
ESSAY_SET_ID=<absl.flags._flag.Flag object at 0x7fa16b85c2e8>
EVALUATION_INTERVAL=<absl.flags._flag.Flag object at 0x7fa16b855e10>
FEATURE_SIZE=<absl.flags._flag.Flag object at 0x7fa16b855f60>
GATED_ADDRESSING=<absl.flags._flag.BooleanFlag object at 0x7fa16b85c3c8>
HOPS=<absl.flags._flag.Flag object at 0x7fa16b85c0f0>
KEEP_PROB=<absl.flags._flag.Flag object at 0x7fa16b855d30>
L2_LAMBDA=<absl.flags._flag.Flag object at 0x7fa16b855b38>
LEARNING_RATE=<absl.flags._flag.Flag object at 0x7fa16b855be0>
LOG_DEVICE_PLACEMENT=<absl.flags._flag.BooleanFlag object at 0x7fa16b85c518>
MAX_GRAD_NORM=<absl.flags._flag.Flag object at 0x7fa16b855c88>
NUM_SAMPLES=<absl.flags._flag.Flag object at 0x7fa16b85c048>
TOKEN_NUM=<absl.flags._flag.Flag object at 0x7fa16b85c390>
max_score is 12 	 min_score is 2 
max sentence size: 911 
mean sentence size: 392
The size of training data: 1132
The size of testing data: 357
The size of evaluation data: 283

Essay scores in memory:
[2, 3, 4, 5, 6, 7, 8, 9, 10, 11, 12]
Essay ids in memory:
[41, 22, 1253, 1513, 590, 382, 1346, 309, 1417, 919, 321]
Essay ids in training:
[1572, 60, 1202, 462, 127, 1142, 892, 982, 752, 1592, 722, 1068, 1278, 927, 695, 1376, 1387, 1367, 1001, 9, 873, 1201, 657, 323, 404, 691, 1360, 1780, 1182, 106, 701, 1454, 923, 347, 790, 761, 858, 840, 1138, 1048, 863, 1206, 1614, 295, 591, 320, 1488, 1179, 1273, 216, 740, 955, 167, 743, 1192, 159, 702, 1164, 431, 238, 290, 493, 1343, 262, 1603, 991, 979, 931, 1370, 1784, 1655, 233, 1443, 280, 140, 1425, 768, 1357, 1399, 1452, 1703, 1475, 625, 1487, 1015, 821, 36, 402, 92, 1209, 794, 297, 1705, 802, 1446, 1103, 1108, 1638, 383, 613, 1723, 568, 528, 704, 1613, 1557, 891, 969, 877, 51, 1073, 1611, 902, 1396, 14, 488, 1439, 811, 1736, 1338, 426, 414, 164, 1172, 773, 1511, 50, 287, 1589, 1469, 1159, 823, 1027, 1472, 1105, 1094, 315, 424, 1710, 741, 1583, 1260, 407, 226, 1616, 1210, 737, 1649, 1083, 349, 801, 1112, 1274, 1306, 700, 251, 683, 386, 1188, 1028, 1656, 3, 1127, 1269, 496, 112, 1733, 202, 893, 1562, 1519, 1748, 957, 615, 517, 1504, 305, 662, 666, 474, 43, 1052, 642, 1000, 391, 1240, 1477, 1627, 1585, 869, 421, 135, 491, 219, 564, 52, 1280, 883, 1523, 467, 1304, 442, 1070, 785, 543, 1449, 74, 546, 1147, 1257, 549, 1305, 848, 333, 1505, 1093, 1678, 1286, 1643, 1199, 1612, 872, 444, 416, 664, 638, 1059, 1669, 721, 713, 121, 189, 1333, 775, 1674, 418, 327, 362, 1561, 1329, 217, 503, 611, 637, 1763, 173, 536, 682, 1011, 925, 1429, 723, 1615, 1284, 198, 107, 392, 954, 690, 630, 696, 1072, 850, 1130, 447, 1298, 1319, 1706, 1154, 120, 1479, 1750, 1625, 419, 678, 1485, 717, 1441, 838, 934, 377, 798, 906, 889, 245, 1007, 1494, 912, 1096, 104, 903, 1341, 1026, 654, 1658, 1573, 214, 552, 1687, 1405, 1270, 1508, 371, 622, 1109, 627, 1099, 1539, 1012, 1228, 1126, 1279, 427, 1242, 376, 531, 1193, 658, 1010, 937, 256, 367, 1651, 215, 1749, 1604, 648, 334, 16, 959, 31, 1766, 1675, 301, 550, 1448, 595, 990, 911, 1350, 836, 563, 1368, 1326, 322, 601, 97, 597, 257, 783, 1563, 765, 605, 1125, 144, 1610, 1467, 469, 1652, 1185, 1081, 1309, 1288, 1330, 816, 395, 1419, 45, 122, 1767, 878, 451, 634, 1673, 342, 1471, 676, 126, 1594, 1169, 1316, 1162, 918, 100, 351, 1191, 151, 1197, 387, 408, 835, 132, 63, 1483, 1069, 684, 28, 1629, 89, 1046, 34, 1668, 1461, 21, 953, 834, 1761, 308, 905, 633, 143, 82, 885, 4, 1166, 1547, 1237, 429, 73, 1685, 2, 264, 1695, 1043, 507, 1114, 134, 1522, 876, 1244, 124, 1751, 1078, 1531, 76, 207, 1499, 1195, 1128, 483, 1161, 756, 809, 698, 1667, 1704, 1450, 899, 820, 577, 1436, 410, 718, 871, 956, 1639, 754, 689, 1063, 1490, 750, 1731, 554, 770, 471, 398, 629, 1501, 25, 302, 1596, 348, 23, 1482, 1003, 319, 98, 753, 1495, 1694, 859, 843, 432, 1340, 512, 397, 1194, 201, 49, 1743, 1263, 389, 1582, 724, 686, 1082, 1683, 1520, 1382, 1416, 574, 971, 409, 592, 91, 1701, 1440, 1378, 165, 425, 365, 1516, 1653, 361, 1413, 547, 950, 621, 1139, 292, 728, 494, 212, 357, 278, 1607, 231, 524, 962, 944, 1203, 1267, 727, 677, 94, 640, 113, 1664, 338, 210, 373, 1500, 1740, 1177, 1410, 174, 1671, 852, 1212, 1296, 860, 1571, 461, 1700, 731, 1181, 1364, 915, 500, 1444, 1556, 1220, 27, 1285, 1503, 933, 65, 1381, 1400, 796, 246, 1648, 508, 803, 359, 1445, 312, 746, 1584, 1258, 1032, 978, 606, 1287, 286, 1132, 999, 681, 1254, 1121, 854, 674, 185, 1371, 588, 229, 403, 1351, 780, 1293, 375, 155, 1225, 1322, 244, 1314, 1528, 749, 1171, 366, 569, 1230, 1758, 1101, 57, 1529, 781, 778, 996, 645, 1431, 774, 150, 1775, 75, 995, 730, 1734, 540, 163, 240, 952, 738, 1246, 861, 880, 619, 61, 1541, 498, 1691, 369, 1190, 1746, 1044, 705, 480, 118, 1476, 1608, 1268, 1468, 1062, 372, 1049, 693, 1493, 1100, 1054, 363, 88, 829, 340, 1718, 1591, 1150, 463, 265, 983, 1786, 1320, 105, 1428, 1635, 857, 786, 1107, 1544, 171, 1137, 1118, 1770, 551, 1688, 565, 1363, 1735, 1223, 1567, 281, 594, 181, 199, 961, 1601, 394, 719, 270, 161, 1077, 972, 975, 331, 1276, 1200, 603, 799, 388, 406, 1599, 940, 901, 1031, 800, 247, 1742, 1551, 623, 1289, 1180, 33, 1497, 1762, 1698, 1753, 326, 46, 1515, 1247, 1457, 1, 435, 1205, 1348, 70, 1412, 1275, 360, 559, 352, 1116, 152, 29, 1294, 867, 24, 1684, 1331, 1033, 534, 1781, 1034, 166, 984, 1774, 655, 1097, 868, 454, 87, 129, 680, 970, 1353, 473, 58, 1628, 1394, 84, 1408, 1430, 1566, 486, 1777, 1308, 85, 825, 1065, 647, 1702, 1785, 1409, 1624, 976, 1186, 1297, 495, 844, 1168, 1577, 310, 1397, 1038, 1106, 639, 585, 380, 1019, 422, 1356, 707, 208, 537, 1574, 994, 236, 1744, 548, 679, 450, 1175, 1679, 1311, 726, 1020, 807, 1373, 913, 1622, 1435, 733, 1361, 1349, 897, 1484, 96, 1757, 1385, 1550, 1120, 511, 1453, 1630, 764, 586, 390, 667, 1434, 267, 1437, 101, 1256, 68, 1579, 1414, 1489, 650, 782, 1213, 739, 1229, 64, 481, 266, 1232, 777, 1578, 204, 1754, 1233, 1323, 1318, 1091, 862, 744, 26, 593, 170, 479, 1224, 1769, 833, 298, 965, 789, 977, 1724, 453, 273, 1021, 1536, 103, 1618, 837, 1526, 1768, 687, 239, 694, 917, 779, 636, 1080, 874, 1524, 810, 1152, 1535, 735, 607, 206, 69, 1650, 1345, 760, 1339, 826, 1404, 576, 489, 632, 580, 1532, 131, 1008, 697, 617, 1084, 232, 341, 1621, 510, 583, 1542, 1355, 497, 1222, 337, 1302, 1619, 306, 942, 1393, 708, 822, 1714, 307, 819, 1474, 1039, 355, 505, 813, 1207, 1470, 1249, 156, 95, 433, 758, 1517, 865, 1507, 158, 755, 643, 99, 946, 440, 194, 1374, 1163, 830, 665, 672, 1693, 656, 1632, 806, 294, 30, 808, 742, 1646, 1248, 1236, 1336, 631, 624, 296, 66, 1543, 1741, 894, 706, 243, 487, 1570, 12, 939, 1686, 332, 1478, 1153, 1122, 663, 1060, 1712, 1576, 1369, 1480, 1023, 614, 553, 1036, 225, 475, 1398, 888, 685, 653, 1022, 464, 849, 1447, 828, 438, 1568, 1433, 439, 1707, 1510, 1085, 472, 579, 430, 1135, 882, 1359, 1682, 1406, 237, 316, 259, 1690, 1219, 530, 1025, 1380, 1716, 175, 1580, 1391, 1756, 1317, 920, 699, 900, 575, 875, 399, 137, 866, 1303, 128, 1051, 1708, 587, 401, 1581, 39, 1421, 288, 947, 628, 1066, 935, 1167, 1411, 841, 180, 195, 948, 268, 1538, 1328, 659, 1660, 1602, 1056, 1045, 608, 1307, 1076, 1633, 1362, 904, 1321, 1533, 1088, 1670, 668, 1173, 1014, 757, 1160, 1555, 1375, 784, 400, 1728, 1521, 44, 1047, 1722, 1310, 1095, 1344, 879, 8, 1243, 745, 72, 967, 1281, 17, 1133, 870, 353, 62, 818, 1277, 110, 1595, 1165, 56, 196, 1427, 703, 1460, 284, 610]
Essay ids in evaluation:
[354, 616, 646, 793, 291, 147, 1217, 283, 1663, 1245, 466, 712, 80, 111, 1423, 1211, 1342, 1747, 482, 102, 47, 1372, 436, 177, 1755, 343, 78, 1676, 1637, 13, 791, 922, 138, 1438, 358, 385, 1772, 457, 1677, 276, 827, 242, 670, 249, 415, 1208, 1729, 1067, 1680, 620, 1597, 1264, 626, 139, 1334, 71, 1148, 1420, 1636, 1098, 1725, 501, 1713, 1110, 223, 1455, 1681, 37, 1383, 1564, 477, 1512, 602, 787, 1569, 378, 448, 190, 184, 1145, 1392, 589, 1226, 274, 766, 1442, 1631, 539, 317, 169, 544, 1764, 555, 526, 133, 1204, 1143, 963, 649, 1115, 929, 1005, 641, 914, 1605, 805, 253, 258, 1389, 506, 558, 459, 374, 767, 339, 1727, 896, 1183, 458, 1251, 1717, 1388, 130, 845, 824, 1283, 182, 434, 1024, 582, 1752, 79, 1738, 1271, 1514, 1255, 146, 1075, 1009, 720, 330, 329, 1462, 368, 1422, 1709, 187, 1262, 1759, 1053, 562, 932, 898, 1123, 1295, 179, 420, 1545, 729, 1315, 795, 992, 661, 1696, 1157, 839, 109, 604, 759, 1600, 336, 1134, 1037, 484, 227, 248, 293, 710, 1030, 318, 1365, 370, 191, 285, 148, 812, 1778, 117, 1071, 1760, 1176, 1721, 769, 1074, 1590, 1620, 1776, 1124, 168, 413, 525, 930, 423, 1238, 1401, 141, 1496, 1170, 846, 325, 222, 1782, 1697, 282, 209, 1647, 502, 964, 1506, 1313, 1035, 289, 200, 1272, 42, 211, 1540, 1634, 465, 981, 527, 993, 303, 275, 1156, 1252, 412, 1773, 235, 855, 1458, 452, 815, 1534, 456, 1178, 986, 1040, 581, 609, 886, 346, 1509, 513, 518, 485, 499, 11, 1661, 851, 314, 928, 1732, 116, 732, 1726, 1626, 776, 115, 842, 1606, 572, 213, 688, 1006, 154, 203, 1662, 197, 598, 1386, 853, 186]
Essay ids in testing:
[1013, 945, 1187, 966, 1426, 711, 162, 142, 936, 909, 1218, 1402, 1184, 951, 1155, 1553, 460, 1102, 958, 1291, 520, 714, 692, 7, 1720, 1149, 1699, 1737, 557, 887, 560, 509, 1140, 1640, 1018, 1560, 234, 405, 881, 596, 1593, 515, 792, 747, 1588, 716, 345, 1354, 1711, 1129, 176, 81, 1546, 988, 1366, 1665, 1234, 1465, 1565, 299, 1645, 1481, 1558, 149, 1654, 541, 1055, 35, 260, 1518, 1666, 396, 516, 504, 153, 48, 985, 1418, 671, 54, 725, 1657, 119, 538, 895, 108, 125, 1617, 856, 1325, 263, 230, 817, 1111, 1642, 545, 77, 1586, 328, 1092, 1787, 1530, 15, 910, 311, 1783, 1779, 1004, 1730, 1174, 814, 478, 907, 941, 1327, 19, 635, 1403, 1492, 188, 884, 441, 989, 618, 1491, 908, 1352, 1261, 1189, 960, 136, 1332, 514, 523, 736, 1141, 567, 384, 644, 1537, 612, 1042, 470, 356, 446, 1265, 241, 183, 1548, 1119, 660, 304, 40, 1395, 1745, 1771, 571, 1463, 324, 762, 771, 1719, 255, 987, 1324, 6, 59, 250, 218, 1216, 1198, 300, 709, 1415, 921, 974, 1050, 748, 1689, 1146, 192, 1057, 1715, 1644, 535, 224, 411, 599, 997, 145, 1407, 1337, 763, 20, 1335, 1432, 55, 1498, 1554, 445, 1598, 381, 1144, 10, 468, 221, 578, 114, 1087, 1692, 1017, 83, 1390, 1384, 1379, 1061, 1549, 1227, 1266, 67, 86, 1525, 93, 1282, 1358, 123, 1158, 542, 1002, 1079, 1239, 533, 926, 1064, 18, 675, 1113, 532, 53, 417, 279, 1058, 1502, 1609, 519, 1086, 998, 938, 157, 1214, 160, 1672, 38, 1117, 943, 455, 1424, 252, 1151, 1659, 1016, 1089, 379, 1241, 529, 1641, 1029, 1215, 277, 476, 254, 847, 788, 1559, 1312, 492, 673, 443, 890, 272, 949, 1552, 350, 669, 1221, 5, 205, 600, 220, 566, 1196, 449, 924, 1300, 1456, 1464, 269, 335, 32, 1765, 652, 1739, 1104, 1623, 772, 1575, 1587, 715, 561, 584, 651, 1250, 968, 90, 1290, 832, 1299, 1301, 178, 1486, 734, 428, 1041, 570, 1259, 1090, 1136, 364, 490, 437, 521, 751, 1459, 804, 556, 1231, 172, 797, 393, 271, 228, 1466, 1451, 573, 1527, 1292, 831, 1473, 522, 980, 864, 1377, 1347, 193, 261, 973, 916]