ALLOW_SOFT_PLACEMENT=<absl.flags._flag.BooleanFlag object at 0x7f5daa61b518>
BATCH_SIZE=<absl.flags._flag.Flag object at 0x7f5daa615f28>
EMBEDDING_SIZE=<absl.flags._flag.Flag object at 0x7f5daa61b2b0>
EPOCHS=<absl.flags._flag.Flag object at 0x7f5daa61b208>
EPSILON=<absl.flags._flag.Flag object at 0x7f5dbffa1550>
ESSAY_SET_ID=<absl.flags._flag.Flag object at 0x7f5daa61b358>
EVALUATION_INTERVAL=<absl.flags._flag.Flag object at 0x7f5daa615e80>
FEATURE_SIZE=<absl.flags._flag.Flag object at 0x7f5daa615fd0>
GATED_ADDRESSING=<absl.flags._flag.BooleanFlag object at 0x7f5daa61b438>
HOPS=<absl.flags._flag.Flag object at 0x7f5daa61b160>
KEEP_PROB=<absl.flags._flag.Flag object at 0x7f5daa615da0>
L2_LAMBDA=<absl.flags._flag.Flag object at 0x7f5daa615c88>
LEARNING_RATE=<absl.flags._flag.Flag object at 0x7f5daa615898>
LOG_DEVICE_PLACEMENT=<absl.flags._flag.BooleanFlag object at 0x7f5daa61b588>
MAX_GRAD_NORM=<absl.flags._flag.Flag object at 0x7f5daa615cf8>
NUM_SAMPLES=<absl.flags._flag.Flag object at 0x7f5daa61b0b8>
TOKEN_NUM=<absl.flags._flag.Flag object at 0x7f5daa61b400>
max_score is 12 	 min_score is 2 
max sentence size: 911 
mean sentence size: 392
The size of training data: 1132
The size of testing data: 357
The size of evaluation data: 283

Essay scores in memory:
[2, 3, 4, 5, 6, 7, 8, 9, 10, 11, 12]
Essay ids in memory:
[41, 22, 1253, 1513, 590, 382, 1346, 309, 1417, 919, 321]
Essay ids in training:
[394, 682, 276, 802, 280, 1258, 1437, 580, 132, 591, 1571, 1725, 676, 1667, 1046, 756, 830, 170, 1661, 1450, 1404, 1740, 9, 1108, 540, 564, 1691, 56, 1482, 796, 1269, 801, 285, 1624, 883, 1056, 808, 385, 579, 349, 1247, 593, 30, 12, 700, 1758, 1114, 1397, 820, 1763, 465, 1310, 1556, 331, 358, 841, 1767, 1704, 4, 1393, 558, 1529, 1592, 1447, 450, 247, 1523, 1694, 1233, 843, 878, 100, 1568, 849, 1273, 1690, 129, 710, 984, 151, 251, 312, 1091, 1430, 1374, 1421, 694, 1143, 1106, 1535, 1093, 377, 565, 472, 931, 1742, 1048, 1646, 155, 1705, 686, 922, 1278, 112, 181, 1618, 1249, 1653, 434, 1360, 1251, 1228, 928, 1070, 1485, 1034, 1545, 1455, 46, 1770, 1536, 1604, 1330, 896, 1503, 1139, 336, 1289, 375, 27, 366, 1479, 795, 262, 767, 1267, 1264, 697, 1162, 1423, 92, 744, 1331, 21, 1524, 786, 995, 598, 1237, 1576, 436, 245, 1161, 166, 1550, 1494, 666, 1540, 400, 134, 180, 115, 323, 498, 554, 1753, 1039, 388, 1336, 233, 1132, 355, 1726, 1457, 1596, 1755, 1100, 347, 1047, 770, 829, 1562, 1601, 1191, 1669, 1610, 854, 196, 369, 1414, 577, 1639, 1014, 723, 253, 1109, 1365, 621, 163, 459, 174, 1638, 431, 223, 979, 1392, 1084, 1075, 240, 1294, 1436, 1749, 1302, 158, 237, 1785, 1687, 1242, 531, 803, 1182, 1532, 872, 1343, 738, 1022, 1077, 1458, 23, 1475, 461, 1272, 1636, 1112, 1579, 632, 1413, 965, 1082, 1274, 1166, 1776, 550, 1173, 341, 1591, 813, 1032, 1773, 406, 1359, 1400, 1202, 1311, 318, 1053, 759, 740, 212, 934, 873, 330, 1747, 194, 1008, 688, 1471, 16, 732, 912, 1211, 1696, 1738, 314, 782, 1382, 1160, 389, 1693, 410, 1674, 959, 1717, 766, 1135, 783, 1572, 929, 1367, 992, 703, 1501, 1714, 1175, 1441, 1775, 885, 494, 1243, 955, 1078, 354, 1170, 818, 806, 739, 169, 779, 1270, 991, 699, 975, 1319, 370, 266, 303, 1147, 1085, 1345, 857, 1569, 1700, 1581, 380, 1074, 448, 581, 113, 1313, 1236, 1353, 976, 1444, 983, 420, 423, 372, 611, 713, 1205, 1213, 481, 408, 626, 823, 809, 346, 749, 337, 871, 159, 629, 544, 798, 851, 684, 1172, 548, 731, 752, 1769, 201, 1716, 1138, 1733, 1752, 1275, 310, 1209, 177, 685, 1718, 1388, 1510, 409, 1685, 1107, 1124, 595, 1620, 727, 1671, 474, 1442, 1168, 1668, 574, 1632, 98, 1428, 845, 784, 61, 1128, 604, 1489, 1098, 656, 726, 293, 1761, 1681, 1373, 1497, 268, 1427, 1490, 500, 551, 719, 1238, 1538, 288, 903, 131, 287, 1449, 891, 1408, 374, 1462, 741, 615, 1051, 1611, 1322, 1045, 1059, 65, 1577, 72, 773, 1534, 1615, 897, 1385, 576, 322, 283, 1589, 274, 1533, 17, 861, 527, 971, 302, 1207, 957, 880, 633, 1710, 39, 1015, 1684, 1370, 1080, 444, 246, 1677, 138, 1200, 452, 1461, 758, 326, 1024, 1420, 1219, 144, 655, 1670, 390, 627, 1280, 14, 1505, 1123, 1686, 1484, 646, 413, 1722, 1541, 901, 1539, 273, 923, 893, 1180, 1658, 530, 963, 70, 819, 1285, 1381, 438, 1005, 653, 442, 528, 421, 1723, 712, 1303, 1068, 875, 1096, 1411, 775, 1277, 1460, 1406, 605, 858, 1594, 104, 13, 1509, 842, 1626, 1317, 1372, 316, 94, 636, 1321, 264, 259, 750, 589, 1702, 1786, 126, 1028, 1375, 1768, 970, 1643, 1478, 1284, 1315, 662, 227, 1260, 670, 996, 91, 816, 1305, 746, 765, 1634, 1396, 793, 197, 1521, 190, 967, 1010, 1631, 1257, 164, 1493, 1647, 1683, 1355, 1362, 630, 1570, 248, 663, 1287, 294, 946, 148, 905, 623, 948, 1557, 229, 466, 1648, 510, 1744, 351, 1037, 195, 87, 28, 825, 1434, 1262, 1578, 359, 1095, 1344, 1754, 1511, 217, 695, 50, 101, 325, 107, 1011, 639, 1628, 1474, 239, 1044, 348, 1697, 1063, 103, 278, 1603, 828, 24, 1514, 439, 826, 84, 1225, 944, 1748, 789, 1020, 764, 1735, 105, 1781, 592, 585, 1412, 397, 1522, 292, 839, 289, 1188, 1724, 690, 99, 978, 1368, 1150, 1499, 71, 586, 1564, 1185, 1495, 824, 743, 1164, 1784, 1453, 1676, 517, 1340, 563, 911, 435, 154, 681, 815, 267, 947, 1121, 120, 1308, 1597, 165, 216, 475, 1727, 392, 89, 1309, 297, 1487, 613, 456, 339, 525, 202, 1006, 1226, 619, 168, 679, 827, 1405, 1695, 774, 1627, 609, 1425, 1023, 879, 1573, 994, 1304, 1649, 888, 785, 870, 306, 425, 487, 597, 1030, 664, 969, 642, 1528, 353, 124, 1232, 1181, 1224, 424, 1751, 386, 717, 677, 1026, 1731, 73, 1153, 432, 1664, 491, 342, 877, 616, 1488, 1743, 362, 952, 191, 1567, 1363, 1094, 721, 680, 1276, 256, 790, 383, 1167, 1435, 471, 555, 495, 665, 606, 625, 488, 340, 1222, 933, 1582, 1021, 499, 1246, 1387, 213, 1256, 1750, 457, 60, 36, 506, 999, 130, 1203, 1220, 117, 1318, 1001, 1713, 244, 534, 367, 547, 1127, 993, 447, 617, 141, 102, 1721, 874, 1706, 1633, 720, 171, 863, 502, 546, 1477, 1126, 1452, 755, 1072, 638, 363, 505, 497, 96, 821, 333, 1500, 1193, 225, 986, 865, 1154, 640, 1467, 904, 1357, 479, 862, 800, 855, 937, 426, 1192, 1177, 683, 1561, 152, 867, 118, 1531, 1663, 31, 214, 1440, 1003, 1600, 1012, 1210, 608, 512, 45, 1101, 121, 1563, 536, 440, 1007, 1255, 232, 898, 718, 257, 156, 473, 1076, 925, 658, 64, 942, 1049, 1583, 1736, 1580, 29, 1052, 1199, 1630, 80, 182, 1410, 761, 833, 1656, 1099, 95, 1431, 811, 378, 480, 361, 972, 1163, 1279, 769, 368, 559, 1169, 1599, 1036, 1073, 781, 2, 1606, 1612, 1307, 1438, 964, 198, 1339, 810, 357, 451, 674, 745, 866, 1757, 647, 705, 1333, 489, 508, 1652, 97, 418, 729, 1590, 1508, 1409, 215, 1439, 906, 1660, 1445, 26, 737, 628, 210, 1709, 1244, 483, 1777, 1328, 208, 982, 846, 780, 754, 493, 1470, 11, 1394, 427, 249, 281, 319, 1383, 1655, 1398, 722, 1698, 1764, 1060, 889, 932, 76, 503, 1680, 301, 659, 187, 395, 1296, 238, 143, 930, 1342, 75, 486, 1756, 1043, 1204, 1229, 513, 1621, 1116, 1217, 1468, 1734, 1476, 305, 1780, 42, 768, 1197, 1707, 258, 1728, 74, 85, 693, 1480, 1035, 961, 553, 1293, 343, 231, 1254, 1040, 1316, 8, 728, 1708, 914, 654, 776, 338, 735, 1389, 1516, 836, 1496, 587, 463, 1054, 799, 150, 582, 147, 1159, 106, 850, 1, 730, 706, 407, 657, 1356, 822, 1625, 1067, 47, 270, 317, 133, 643, 702, 614, 57, 701, 1148, 668, 1152, 1134, 402, 295, 1682, 1271, 1320, 977, 568, 1212, 360, 1283, 1176, 1190, 1031, 1361, 1613, 1281, 807, 622, 1635, 1115, 1607, 624, 109, 1637, 82, 1446, 135, 430, 1071, 1263, 1678, 876, 419, 1195, 282, 1097, 1110, 1000, 583, 1314, 265, 1349, 1066, 927, 631, 501, 167, 1069, 869, 68, 209, 704, 552, 365, 291, 373, 219, 667, 648, 689, 1019, 1399, 1391, 399, 687, 275, 387, 1760, 1183, 496, 1329, 650, 1675, 185, 482, 1602, 189, 1701, 791]
Essay ids in evaluation:
[637, 52, 1380, 433, 1746, 79, 1629, 805, 1584, 1206, 1585, 543, 920, 1245, 1778, 200, 708, 1171, 1547, 469, 835, 88, 1286, 199, 33, 1619, 882, 243, 1766, 43, 1507, 1288, 298, 1083, 58, 334, 1369, 1542, 645, 206, 1662, 1130, 332, 1038, 634, 235, 902, 211, 935, 1350, 1759, 414, 787, 1526, 128, 641, 327, 454, 1178, 707, 69, 1125, 1248, 1027, 696, 1133, 186, 1551, 49, 1137, 860, 939, 1422, 1297, 290, 184, 698, 1065, 1519, 25, 892, 122, 1483, 1230, 137, 140, 1650, 1688, 900, 601, 649, 1401, 1608, 956, 962, 315, 1566, 1105, 3, 1376, 1622, 1469, 602, 398, 320, 603, 1240, 1595, 507, 308, 868, 175, 794, 37, 733, 1062, 484, 173, 63, 562, 1186, 1448, 777, 376, 954, 549, 950, 1443, 981, 467, 742, 1179, 1732, 1616, 401, 1122, 286, 1782, 110, 34, 575, 1651, 429, 1712, 953, 1454, 1386, 913, 62, 511, 415, 1515, 1504, 458, 307, 416, 464, 838, 1348, 894, 1544, 203, 1605, 127, 672, 51, 204, 78, 1371, 518, 371, 1364, 179, 1741, 1614, 1517, 1033, 242, 352, 1223, 1268, 1472, 422, 1157, 1009, 453, 1118, 1306, 899, 678, 1334, 1520, 610, 588, 1338, 1351, 1341, 848, 1512, 161, 859, 526, 1679, 1201, 840, 1378, 1298, 1703, 1194, 1295, 572, 1762, 607, 1416, 853, 477, 236, 724, 111, 844, 485, 412, 1081, 329, 917, 812, 139, 837, 1574, 222, 1543, 146, 462, 403, 753, 284, 524, 1156, 760, 1120, 537, 757, 778, 661, 1772, 990, 594, 404, 620, 296, 226, 834, 1433, 886, 915, 1025, 391, 44, 1429, 1142, 1506, 116, 1252, 1326, 852, 1103, 569, 207, 66, 940, 1555, 918, 1323, 539, 1145, 1774, 1165, 1088, 1729, 1208, 1673, 691, 1419]
Essay ids in testing:
[1013, 945, 1187, 966, 1426, 711, 162, 142, 936, 909, 1218, 1402, 1184, 951, 1155, 1553, 460, 1102, 958, 1291, 520, 714, 692, 7, 1720, 1149, 1699, 1737, 557, 887, 560, 509, 1140, 1640, 1018, 1560, 234, 405, 881, 596, 1593, 515, 792, 747, 1588, 716, 345, 1354, 1711, 1129, 176, 81, 1546, 988, 1366, 1665, 1234, 1465, 1565, 299, 1645, 1481, 1558, 149, 1654, 541, 1055, 35, 260, 1518, 1666, 396, 516, 504, 153, 48, 985, 1418, 671, 54, 725, 1657, 119, 538, 895, 108, 125, 1617, 856, 1325, 263, 230, 817, 1111, 1642, 545, 77, 1586, 328, 1092, 1787, 1530, 15, 910, 311, 1783, 1779, 1004, 1730, 1174, 814, 478, 907, 941, 1327, 19, 635, 1403, 1492, 188, 884, 441, 989, 618, 1491, 908, 1352, 1261, 1189, 960, 136, 1332, 514, 523, 736, 1141, 567, 384, 644, 1537, 612, 1042, 470, 356, 446, 1265, 241, 183, 1548, 1119, 660, 304, 40, 1395, 1745, 1771, 571, 1463, 324, 762, 771, 1719, 255, 987, 1324, 6, 59, 250, 218, 1216, 1198, 300, 709, 1415, 921, 974, 1050, 748, 1689, 1146, 192, 1057, 1715, 1644, 535, 224, 411, 599, 997, 145, 1407, 1337, 763, 20, 1335, 1432, 55, 1498, 1554, 445, 1598, 381, 1144, 10, 468, 221, 578, 114, 1087, 1692, 1017, 83, 1390, 1384, 1379, 1061, 1549, 1227, 1266, 67, 86, 1525, 93, 1282, 1358, 123, 1158, 542, 1002, 1079, 1239, 533, 926, 1064, 18, 675, 1113, 532, 53, 417, 279, 1058, 1502, 1609, 519, 1086, 998, 938, 157, 1214, 160, 1672, 38, 1117, 943, 455, 1424, 252, 1151, 1659, 1016, 1089, 379, 1241, 529, 1641, 1029, 1215, 277, 476, 254, 847, 788, 1559, 1312, 492, 673, 443, 890, 272, 949, 1552, 350, 669, 1221, 5, 205, 600, 220, 566, 1196, 449, 924, 1300, 1456, 1464, 269, 335, 32, 1765, 652, 1739, 1104, 1623, 772, 1575, 1587, 715, 561, 584, 651, 1250, 968, 90, 1290, 832, 1299, 1301, 178, 1486, 734, 428, 1041, 570, 1259, 1090, 1136, 364, 490, 437, 521, 751, 1459, 804, 556, 1231, 172, 797, 393, 271, 228, 1466, 1451, 573, 1527, 1292, 831, 1473, 522, 980, 864, 1377, 1347, 193, 261, 973, 916]