ALLOW_SOFT_PLACEMENT=<absl.flags._flag.BooleanFlag object at 0x7f2802eb44a8>
BATCH_SIZE=<absl.flags._flag.Flag object at 0x7f2802eadeb8>
EMBEDDING_SIZE=<absl.flags._flag.Flag object at 0x7f2802eb4240>
EPOCHS=<absl.flags._flag.Flag object at 0x7f2802eb4198>
EPSILON=<absl.flags._flag.Flag object at 0x7f2818839550>
ESSAY_SET_ID=<absl.flags._flag.Flag object at 0x7f2802eb42e8>
EVALUATION_INTERVAL=<absl.flags._flag.Flag object at 0x7f2802eade10>
FEATURE_SIZE=<absl.flags._flag.Flag object at 0x7f2802eadf60>
GATED_ADDRESSING=<absl.flags._flag.BooleanFlag object at 0x7f2802eb43c8>
HOPS=<absl.flags._flag.Flag object at 0x7f2802eb40f0>
KEEP_PROB=<absl.flags._flag.Flag object at 0x7f2802eadd30>
L2_LAMBDA=<absl.flags._flag.Flag object at 0x7f2802eadb38>
LEARNING_RATE=<absl.flags._flag.Flag object at 0x7f2802eadbe0>
LOG_DEVICE_PLACEMENT=<absl.flags._flag.BooleanFlag object at 0x7f2802eb4518>
MAX_GRAD_NORM=<absl.flags._flag.Flag object at 0x7f2802eadc88>
NUM_SAMPLES=<absl.flags._flag.Flag object at 0x7f2802eb4048>
TOKEN_NUM=<absl.flags._flag.Flag object at 0x7f2802eb4390>
max_score is 12 	 min_score is 2 
max sentence size: 911 
mean sentence size: 392
The size of training data: 1132
The size of testing data: 357
The size of evaluation data: 283

Essay scores in memory:
[2, 3, 4, 5, 6, 7, 8, 9, 10, 11, 12]
Essay ids in memory:
[41, 22, 1253, 1513, 590, 382, 1346, 309, 1417, 919, 321]
Essay ids in training:
[1331, 438, 822, 1569, 723, 893, 952, 1296, 1242, 1373, 333, 1263, 1445, 539, 1594, 1742, 899, 1599, 1499, 508, 1308, 1494, 1385, 1120, 1686, 957, 969, 1651, 1405, 400, 592, 777, 1700, 1286, 1596, 1600, 696, 49, 46, 690, 1360, 182, 1416, 1021, 697, 1744, 168, 1367, 1322, 1786, 1051, 593, 8, 1173, 1099, 294, 818, 1504, 1756, 1124, 1734, 773, 979, 1244, 615, 216, 1283, 267, 1127, 624, 121, 878, 398, 604, 808, 1754, 82, 1383, 1626, 147, 58, 1705, 528, 1768, 859, 882, 1523, 1747, 357, 1207, 994, 491, 1740, 155, 657, 237, 1032, 404, 789, 1731, 1515, 685, 1109, 290, 1114, 1362, 531, 329, 1306, 177, 1615, 1287, 667, 158, 1045, 512, 1361, 1704, 1413, 365, 1764, 1423, 754, 1314, 198, 1038, 1280, 185, 342, 199, 1096, 360, 358, 802, 447, 1313, 302, 564, 1368, 507, 1429, 929, 1707, 1628, 1661, 730, 1736, 621, 1257, 1303, 1576, 688, 978, 1030, 1387, 1725, 972, 91, 257, 432, 844, 1223, 1380, 1270, 1288, 314, 472, 841, 1043, 568, 1118, 103, 630, 316, 1528, 208, 845, 1585, 107, 956, 682, 84, 399, 1636, 96, 331, 638, 1667, 1095, 1477, 906, 1398, 430, 764, 1772, 1746, 670, 717, 1025, 1027, 429, 407, 1298, 659, 611, 453, 209, 156, 482, 146, 374, 1082, 1749, 303, 970, 517, 1441, 733, 1568, 1713, 1159, 920, 1489, 912, 1517, 1183, 1460, 1608, 259, 426, 1462, 292, 959, 1011, 338, 1583, 101, 1475, 1732, 243, 253, 1618, 1037, 927, 1130, 60, 79, 354, 631, 1653, 827, 1540, 1000, 526, 1166, 1452, 962, 298, 982, 1680, 897, 1285, 1767, 1691, 1143, 686, 1755, 1386, 1097, 425, 128, 954, 348, 1138, 787, 613, 1326, 684, 1563, 1077, 653, 637, 753, 704, 1169, 944, 948, 434, 1507, 1399, 791, 1419, 1157, 1610, 687, 98, 105, 1544, 36, 1673, 21, 614, 775, 1176, 187, 341, 776, 1365, 383, 1751, 961, 1272, 238, 1630, 1442, 629, 465, 1428, 1247, 1044, 1607, 12, 799, 11, 1702, 1409, 1238, 296, 94, 1631, 1538, 727, 983, 1514, 1101, 1112, 842, 877, 1635, 547, 698, 1649, 746, 883, 1551, 322, 134, 863, 1643, 307, 1022, 749, 1500, 1230, 770, 1570, 846, 251, 1762, 1467, 800, 550, 467, 527, 366, 496, 1717, 524, 1100, 37, 991, 1521, 306, 1098, 585, 462, 1160, 440, 707, 911, 1340, 1453, 1602, 794, 1589, 869, 66, 713, 1168, 811, 1520, 879, 1200, 860, 1616, 1506, 131, 1334, 719, 990, 372, 586, 1350, 152, 729, 642, 39, 756, 1674, 861, 1132, 1509, 886, 1345, 1028, 1328, 1694, 1508, 422, 1245, 942, 1703, 1262, 1678, 1534, 1556, 745, 140, 154, 270, 793, 1752, 391, 1712, 601, 1271, 1572, 1728, 1578, 184, 1274, 655, 281, 1613, 589, 412, 1539, 1447, 285, 1581, 946, 16, 1696, 1252, 26, 1297, 217, 1468, 805, 668, 99, 1698, 1197, 634, 1066, 1356, 310, 464, 575, 1281, 1094, 680, 606, 1753, 765, 1072, 1014, 1106, 876, 1202, 928, 1123, 127, 104, 1743, 1784, 278, 211, 1083, 1053, 486, 286, 195, 1448, 785, 89, 1047, 603, 1293, 347, 414, 1624, 370, 1750, 1723, 1496, 1759, 1209, 1075, 971, 1778, 1484, 346, 1319, 544, 1545, 392, 1277, 1260, 683, 1276, 774, 905, 755, 424, 894, 109, 572, 1660, 1597, 830, 288, 710, 450, 1359, 1550, 594, 1770, 62, 352, 1433, 569, 540, 113, 1480, 499, 1478, 284, 1126, 1333, 1503, 1470, 170, 395, 1210, 965, 275, 1074, 798, 1497, 1330, 1199, 518, 204, 377, 30, 50, 212, 1134, 1177, 222, 1406, 626, 679, 610, 735, 1108, 1059, 1063, 647, 778, 1375, 1269, 1524, 385, 34, 129, 1675, 1397, 932, 616, 712, 1536, 848, 1458, 353, 1164, 976, 1046, 702, 1248, 855, 1577, 327, 448, 820, 1485, 1722, 1369, 1212, 768, 1574, 654, 636, 1351, 418, 485, 1107, 885, 1511, 308, 996, 1001, 110, 1153, 658, 56, 693, 695, 175, 197, 466, 442, 180, 130, 232, 1685, 1634, 880, 888, 115, 403, 1294, 1777, 950, 1307, 1663, 1193, 1005, 1228, 742, 69, 436, 1785, 76, 1067, 1329, 1760, 283, 782, 1161, 1258, 419, 769, 305, 1422, 1620, 1060, 1443, 1232, 666, 390, 1036, 402, 80, 1376, 1676, 646, 1490, 474, 57, 1068, 1344, 701, 981, 171, 1582, 1211, 1758, 495, 602, 1103, 408, 563, 163, 1311, 51, 1175, 1284, 72, 511, 1033, 362, 452, 1010, 231, 501, 459, 1162, 1023, 1302, 336, 1526, 1449, 995, 102, 1474, 340, 1619, 397, 1533, 1625, 1531, 138, 1315, 1035, 289, 111, 17, 1229, 332, 1163, 1670, 1501, 1135, 380, 1688, 1115, 891, 1479, 14, 1178, 1363, 1396, 1438, 852, 207, 759, 44, 97, 95, 1580, 648, 1627, 410, 1336, 1471, 319, 837, 1393, 1510, 1431, 151, 1543, 494, 1706, 620, 904, 740, 1323, 1081, 1567, 706, 1226, 1769, 1592, 858, 1392, 1690, 1076, 68, 318, 1034, 1748, 1718, 582, 931, 664, 1440, 1071, 1078, 999, 1709, 1446, 444, 643, 914, 892, 1152, 839, 840, 75, 483, 530, 1052, 92, 720, 1727, 135, 1225, 141, 74, 276, 1240, 1646, 1637, 503, 219, 964, 1222, 174, 139, 1374, 343, 1181, 977, 1007, 457, 389, 1251, 1591, 1614, 1145, 1590, 317, 579, 1040, 903, 315, 1205, 244, 1775, 537, 1721, 933, 245, 940, 662, 1085, 1726, 663, 312, 1237, 1655, 732, 1278, 274, 552, 854, 1372, 767, 803, 721, 1031, 1349, 674, 1370, 1437, 558, 1206, 829, 786, 118, 1741, 1434, 1516, 225, 1069, 477, 608, 853, 1632, 605, 191, 1542, 45, 454, 249, 826, 1039, 823, 1566, 1091, 1562, 297, 223, 1116, 505, 1461, 256, 1761, 164, 1774, 649, 112, 1656, 623, 1611, 984, 691, 337, 851, 708, 423, 458, 580, 633, 359, 1309, 1604, 502, 1493, 1679, 1547, 1388, 1735, 583, 731, 551, 1564, 122, 819, 1436, 65, 963, 737, 186, 992, 463, 548, 1353, 1154, 1065, 473, 1535, 1512, 967, 63, 1425, 1062, 761, 1213, 681, 1128, 825, 1318, 1015, 834, 807, 506, 1455, 1049, 1421, 226, 1137, 1430, 1125, 497, 371, 1003, 722, 816, 264, 1714, 750, 868, 295, 1203, 726, 323, 902, 1382, 935, 78, 1695, 339, 1781, 64, 1364, 401, 375, 469, 1371, 581, 330, 481, 325, 413, 1048, 862, 265, 1487, 52, 320, 1195, 3, 479, 451, 236, 574, 351, 1605, 1414, 536, 248, 1179, 173, 656, 1, 779, 609, 1681, 1682, 588, 1133, 1201, 1273, 843, 1652, 1289, 355, 1275, 1267, 247, 1008, 1305, 117, 577, 1219, 280, 934, 1070, 1391, 373, 475, 1457, 120, 1693, 179, 31, 758, 833, 233, 705, 724, 1571, 850, 1217, 266, 1427, 1394, 607, 1601, 1483, 133, 71, 201, 1435, 1662, 334, 1348, 835, 1093, 743, 1482, 1317, 1469, 394, 874, 1255, 757, 766, 986, 1142, 1192, 214, 1006, 744, 752, 150, 29, 415, 23, 576, 1738, 1701, 1185, 739, 824, 1766, 1165, 555, 1139, 1648, 386, 1710, 1194, 388, 1191, 165, 144, 1669, 867, 409, 617, 677, 1105, 1264, 33, 70, 1321, 821, 510, 124, 1279, 1444, 1724, 565, 1378, 1295, 1147, 1320]
Essay ids in evaluation:
[1411, 838, 857, 1256, 1476, 387, 1170, 645, 1186, 1782, 1150, 898, 1472, 1541, 88, 795, 262, 1357, 781, 1708, 1683, 627, 24, 703, 376, 597, 783, 700, 866, 790, 1088, 665, 1621, 955, 196, 239, 1080, 1224, 126, 598, 378, 1668, 1342, 268, 1338, 1664, 828, 420, 1420, 595, 61, 728, 25, 1697, 116, 1304, 1167, 913, 484, 889, 2, 546, 993, 1773, 229, 1339, 625, 901, 738, 1658, 923, 918, 1639, 947, 553, 1573, 1268, 181, 87, 416, 1410, 200, 1188, 1450, 480, 148, 1729, 1220, 953, 549, 1190, 917, 368, 796, 1633, 1084, 1505, 1519, 1204, 1243, 939, 587, 433, 258, 1343, 1776, 760, 1638, 836, 369, 1579, 1757, 1056, 813, 810, 1122, 1233, 1236, 1555, 1172, 282, 741, 1180, 291, 1110, 870, 554, 456, 161, 689, 500, 937, 1532, 210, 206, 1557, 915, 47, 559, 661, 815, 925, 242, 865, 189, 137, 1073, 1148, 513, 100, 1684, 367, 1412, 489, 871, 246, 1687, 159, 1584, 1024, 922, 534, 801, 699, 4, 628, 678, 43, 1408, 619, 1650, 166, 1019, 1606, 431, 1439, 780, 873, 1009, 1561, 1012, 1381, 975, 1026, 872, 461, 190, 293, 202, 1716, 632, 1156, 439, 1495, 806, 301, 622, 363, 672, 1355, 809, 650, 1054, 194, 132, 1208, 1622, 1677, 28, 227, 694, 812, 421, 1647, 900, 488, 591, 406, 471, 1454, 525, 641, 1780, 1612, 235, 718, 240, 326, 1529, 676, 1020, 73, 875, 498, 203, 1401, 640, 85, 13, 1316, 143, 106, 427, 1171, 361, 1249, 784, 493, 167, 1121, 273, 1671, 1595, 849, 1763, 1400, 1629, 27, 215, 487, 1404, 562, 287, 1522, 435, 1603, 1488, 1733, 349, 42, 543, 1389, 896, 169, 639, 213, 1310, 9, 1341, 1182, 930, 1246, 1254]
Essay ids in testing:
[1013, 945, 1187, 966, 1426, 711, 162, 142, 936, 909, 1218, 1402, 1184, 951, 1155, 1553, 460, 1102, 958, 1291, 520, 714, 692, 7, 1720, 1149, 1699, 1737, 557, 887, 560, 509, 1140, 1640, 1018, 1560, 234, 405, 881, 596, 1593, 515, 792, 747, 1588, 716, 345, 1354, 1711, 1129, 176, 81, 1546, 988, 1366, 1665, 1234, 1465, 1565, 299, 1645, 1481, 1558, 149, 1654, 541, 1055, 35, 260, 1518, 1666, 396, 516, 504, 153, 48, 985, 1418, 671, 54, 725, 1657, 119, 538, 895, 108, 125, 1617, 856, 1325, 263, 230, 817, 1111, 1642, 545, 77, 1586, 328, 1092, 1787, 1530, 15, 910, 311, 1783, 1779, 1004, 1730, 1174, 814, 478, 907, 941, 1327, 19, 635, 1403, 1492, 188, 884, 441, 989, 618, 1491, 908, 1352, 1261, 1189, 960, 136, 1332, 514, 523, 736, 1141, 567, 384, 644, 1537, 612, 1042, 470, 356, 446, 1265, 241, 183, 1548, 1119, 660, 304, 40, 1395, 1745, 1771, 571, 1463, 324, 762, 771, 1719, 255, 987, 1324, 6, 59, 250, 218, 1216, 1198, 300, 709, 1415, 921, 974, 1050, 748, 1689, 1146, 192, 1057, 1715, 1644, 535, 224, 411, 599, 997, 145, 1407, 1337, 763, 20, 1335, 1432, 55, 1498, 1554, 445, 1598, 381, 1144, 10, 468, 221, 578, 114, 1087, 1692, 1017, 83, 1390, 1384, 1379, 1061, 1549, 1227, 1266, 67, 86, 1525, 93, 1282, 1358, 123, 1158, 542, 1002, 1079, 1239, 533, 926, 1064, 18, 675, 1113, 532, 53, 417, 279, 1058, 1502, 1609, 519, 1086, 998, 938, 157, 1214, 160, 1672, 38, 1117, 943, 455, 1424, 252, 1151, 1659, 1016, 1089, 379, 1241, 529, 1641, 1029, 1215, 277, 476, 254, 847, 788, 1559, 1312, 492, 673, 443, 890, 272, 949, 1552, 350, 669, 1221, 5, 205, 600, 220, 566, 1196, 449, 924, 1300, 1456, 1464, 269, 335, 32, 1765, 652, 1739, 1104, 1623, 772, 1575, 1587, 715, 561, 584, 651, 1250, 968, 90, 1290, 832, 1299, 1301, 178, 1486, 734, 428, 1041, 570, 1259, 1090, 1136, 364, 490, 437, 521, 751, 1459, 804, 556, 1231, 172, 797, 393, 271, 228, 1466, 1451, 573, 1527, 1292, 831, 1473, 522, 980, 864, 1377, 1347, 193, 261, 973, 916]