ALLOW_SOFT_PLACEMENT=<absl.flags._flag.BooleanFlag object at 0x7f4d37d934a8>
BATCH_SIZE=<absl.flags._flag.Flag object at 0x7f4d37d8deb8>
EMBEDDING_SIZE=<absl.flags._flag.Flag object at 0x7f4d37d93240>
EPOCHS=<absl.flags._flag.Flag object at 0x7f4d37d93198>
EPSILON=<absl.flags._flag.Flag object at 0x7f4d4d719588>
ESSAY_SET_ID=<absl.flags._flag.Flag object at 0x7f4d37d932e8>
EVALUATION_INTERVAL=<absl.flags._flag.Flag object at 0x7f4d37d8de10>
FEATURE_SIZE=<absl.flags._flag.Flag object at 0x7f4d37d8df60>
GATED_ADDRESSING=<absl.flags._flag.BooleanFlag object at 0x7f4d37d933c8>
HOPS=<absl.flags._flag.Flag object at 0x7f4d37d930f0>
KEEP_PROB=<absl.flags._flag.Flag object at 0x7f4d37d8dd30>
L2_LAMBDA=<absl.flags._flag.Flag object at 0x7f4d37d8db38>
LEARNING_RATE=<absl.flags._flag.Flag object at 0x7f4d37d8dbe0>
LOG_DEVICE_PLACEMENT=<absl.flags._flag.BooleanFlag object at 0x7f4d37d93518>
MAX_GRAD_NORM=<absl.flags._flag.Flag object at 0x7f4d37d8dc88>
NUM_SAMPLES=<absl.flags._flag.Flag object at 0x7f4d37d93048>
TOKEN_NUM=<absl.flags._flag.Flag object at 0x7f4d37d93390>
max_score is 12 	 min_score is 2 
max sentence size: 911 
mean sentence size: 392
The size of training data: 1132
The size of testing data: 357
The size of evaluation data: 283

Essay scores in memory:
[2, 3, 4, 5, 6, 7, 8, 9, 10, 11, 12]
Essay ids in memory:
[41, 22, 1253, 1513, 590, 382, 1346, 309, 1417, 919, 321]
Essay ids in training:
[135, 1223, 184, 244, 1652, 1626, 185, 1084, 785, 893, 1433, 1049, 334, 30, 1330, 386, 493, 781, 1399, 558, 8, 1400, 229, 297, 786, 491, 1680, 347, 783, 766, 862, 374, 1440, 700, 399, 1123, 156, 1077, 174, 1139, 1700, 1156, 295, 196, 336, 1557, 169, 1713, 1610, 798, 1167, 740, 1607, 647, 1256, 531, 24, 873, 1159, 433, 187, 682, 167, 1743, 232, 505, 693, 782, 707, 1458, 1394, 965, 175, 820, 361, 1757, 1217, 607, 376, 1176, 686, 1698, 939, 654, 674, 1391, 1006, 972, 389, 689, 418, 1483, 1209, 1305, 1545, 1536, 681, 753, 257, 1295, 1313, 1128, 534, 1338, 1706, 1233, 992, 1145, 12, 370, 663, 1519, 1109, 1589, 1254, 839, 121, 1746, 416, 72, 420, 1281, 442, 876, 288, 1163, 1734, 1445, 583, 793, 970, 846, 550, 1694, 395, 1594, 1735, 226, 281, 82, 186, 216, 615, 510, 323, 1475, 807, 838, 1093, 1516, 102, 346, 1309, 1662, 1500, 1274, 1310, 844, 453, 932, 956, 1457, 80, 822, 1287, 1731, 1397, 173, 317, 1414, 447, 655, 713, 150, 248, 512, 1721, 71, 201, 1480, 1220, 451, 385, 1605, 1572, 948, 1192, 1630, 1075, 975, 253, 198, 756, 727, 1651, 151, 1249, 1733, 729, 582, 743, 1639, 877, 726, 685, 1726, 1453, 305, 539, 587, 431, 209, 1710, 581, 1420, 1298, 1051, 1497, 486, 800, 1668, 984, 1000, 1068, 1097, 911, 1073, 158, 227, 508, 1449, 1759, 1599, 602, 836, 575, 636, 1647, 391, 1615, 66, 366, 732, 1685, 1038, 1574, 620, 1022, 852, 1224, 1612, 1333, 1067, 353, 330, 1732, 450, 42, 1764, 104, 1283, 1591, 1664, 1738, 662, 764, 565, 242, 1308, 251, 670, 400, 1479, 1785, 1115, 197, 719, 1628, 934, 466, 377, 720, 1019, 690, 1539, 649, 1286, 402, 737, 499, 1696, 1635, 1567, 1014, 1177, 1686, 1360, 1116, 879, 1317, 1045, 745, 757, 507, 1547, 701, 1263, 739, 133, 969, 1776, 617, 577, 1618, 665, 614, 1015, 111, 155, 1754, 1747, 1279, 215, 1583, 1154, 502, 1365, 1072, 629, 1455, 1280, 432, 1632, 698, 1622, 217, 1273, 672, 1137, 546, 1251, 348, 404, 319, 1340, 595, 1173, 206, 983, 91, 875, 1040, 704, 1314, 702, 1712, 642, 267, 1434, 1367, 1707, 268, 858, 274, 1112, 818, 50, 213, 1258, 1613, 264, 289, 624, 452, 1648, 298, 1211, 147, 1054, 141, 1504, 1401, 1528, 1477, 730, 291, 885, 1422, 138, 833, 688, 827, 200, 808, 1207, 407, 1194, 1243, 181, 1100, 355, 995, 110, 1517, 1126, 413, 1476, 1444, 1581, 1763, 37, 258, 1271, 488, 1460, 950, 352, 767, 548, 480, 1130, 1621, 1506, 388, 991, 1755, 106, 506, 99, 262, 360, 1021, 993, 128, 1752, 668, 962, 459, 1226, 776, 1374, 1028, 1311, 436, 1376, 1750, 1048, 1509, 322, 1247, 225, 1729, 390, 144, 62, 1596, 371, 1323, 1437, 116, 1062, 1182, 591, 1030, 403, 43, 199, 329, 47, 1538, 1023, 1303, 979, 2, 1563, 1550, 1649, 986, 1088, 1246, 946, 752, 1758, 896, 1268, 1060, 918, 243, 320, 821, 1188, 168, 1044, 891, 351, 1105, 830, 423, 1237, 927, 724, 1370, 1341, 1728, 867, 278, 23, 1037, 678, 94, 1439, 1777, 1053, 1232, 1388, 1245, 238, 380, 171, 634, 1493, 113, 1168, 639, 1304, 705, 146, 1124, 1671, 1264, 1186, 1604, 1625, 331, 301, 1193, 802, 463, 57, 314, 1409, 1248, 89, 1532, 1452, 1099, 240, 1225, 21, 1378, 897, 29, 1096, 359, 928, 1441, 963, 501, 64, 1766, 530, 249, 180, 1511, 1638, 971, 1655, 1503, 1165, 904, 1540, 923, 1495, 708, 1683, 1166, 1522, 148, 1676, 1363, 481, 920, 1179, 1429, 1774, 1147, 387, 1723, 287, 1319, 1009, 237, 1551, 1148, 755, 130, 851, 1561, 310, 440, 825, 408, 632, 1257, 659, 1584, 937, 841, 1677, 1372, 1438, 427, 828, 1515, 195, 1203, 1667, 1784, 1003, 526, 483, 61, 332, 1661, 1178, 45, 1673, 555, 63, 177, 456, 1521, 1161, 1736, 214, 469, 967, 467, 633, 1392, 435, 1590, 179, 421, 1118, 1063, 1512, 1717, 861, 1616, 1544, 283, 194, 913, 778, 658, 1244, 1425, 1775, 1454, 103, 1210, 697, 27, 1205, 1740, 981, 1387, 1769, 868, 1678, 126, 247, 559, 1381, 1674, 1315, 845, 1436, 1320, 34, 1782, 1727, 235, 1570, 1345, 657, 124, 1741, 816, 721, 1078, 1081, 931, 139, 210, 1691, 286, 1321, 710, 1772, 853, 813, 1749, 1135, 1348, 212, 494, 58, 292, 163, 369, 1132, 1679, 1693, 1529, 203, 1262, 362, 1276, 26, 735, 900, 1412, 1753, 465, 207, 87, 1175, 731, 1380, 1334, 947, 1142, 1408, 1138, 901, 1786, 1520, 768, 925, 475, 472, 474, 1725, 1240, 368, 1331, 648, 589, 161, 826, 603, 84, 302, 487, 667, 285, 1369, 1212, 1199, 742, 1222, 1357, 894, 865, 760, 1085, 1120, 1484, 189, 964, 1585, 1152, 1573, 905, 1643, 1127, 100, 574, 1275, 1011, 1614, 1134, 1172, 1742, 1471, 815, 1494, 461, 1608, 791, 1447, 1284, 1580, 1718, 96, 1478, 1386, 645, 850, 604, 738, 1012, 544, 872, 741, 129, 1646, 1260, 1353, 1705, 1025, 1005, 1252, 1490, 1107, 823, 118, 397, 1450, 1427, 265, 787, 631, 1383, 1267, 765, 637, 1238, 484, 1200, 1052, 661, 1121, 898, 1577, 810, 424, 773, 650, 51, 915, 222, 1416, 930, 1568, 78, 1620, 1636, 1431, 718, 482, 1688, 1603, 695, 759, 623, 1489, 1170, 1070, 656, 76, 842, 1653, 132, 601, 1255, 1389, 303, 471, 341, 409, 874, 1487, 1157, 1435, 990, 497, 318, 809, 935, 1505, 683, 1523, 784, 511, 1306, 777, 239, 994, 754, 392, 824, 613, 917, 1034, 306, 1714, 1722, 627, 691, 1601, 779, 866, 1578, 1020, 131, 485, 1709, 625, 1101, 553, 749, 1033, 1339, 643, 1499, 1076, 1095, 819, 1204, 342, 1423, 276, 97, 621, 1110, 1316, 1768, 1496, 1566, 1485, 152, 572, 552, 1071, 1419, 1411, 878, 922, 211, 358, 1637, 1611, 547, 28, 1190, 1108, 343, 1001, 1026, 906, 327, 855, 134, 1180, 473, 789, 489, 1461, 458, 580, 1197, 340, 290, 1474, 1534, 606, 1448, 1660, 273, 256, 429, 367, 525, 795, 333, 1396, 1143, 1336, 1162, 676, 349, 619, 869, 280, 1047, 1751, 1181, 1343, 1056, 1531, 1296, 562, 1185, 1169, 598, 1535, 60, 1398, 1675, 1230, 1703, 929, 1080, 1202, 723, 69, 414, 444, 14, 1681, 1510, 769, 586, 70, 75, 1767, 316, 1619, 955, 746, 518, 1627, 1579, 208, 863, 699, 245, 1595, 703, 170, 653, 1288, 564, 576, 293, 79, 892, 1270, 829, 1410, 728, 1781, 1756, 74, 154, 1760, 1375, 1195, 425, 812, 105, 1356, 837, 373, 1669, 294, 712, 880, 284, 626, 412, 996, 1748, 56, 1576, 1446, 597, 127, 31, 794, 889, 1508, 1582, 1404, 1501, 1318, 610, 694, 646, 579, 1302, 593, 616, 1043, 770, 275, 540, 503, 1289, 806, 1201, 266, 1442, 1385, 448, 744, 1663, 1091, 101, 1285, 1114, 401, 803, 270, 1430, 1704, 98, 338, 1541, 638, 1035, 223, 536, 1697, 1098, 1524, 137, 122, 1634, 722, 1405, 73, 696, 415, 1027, 1229, 1277, 799, 44]
Essay ids in evaluation:
[120, 680, 954, 1160, 1624, 857, 1368, 326, 1164, 899, 882, 1082, 1633, 500, 1171, 1213, 1469, 1658, 1562, 1670, 1066, 543, 1032, 1191, 1472, 1526, 608, 630, 611, 1125, 312, 902, 903, 1778, 3, 337, 1364, 585, 36, 1359, 1236, 733, 517, 527, 16, 592, 1008, 1294, 165, 357, 569, 49, 1421, 594, 679, 834, 1344, 1470, 477, 687, 811, 112, 434, 1682, 1428, 9, 953, 246, 1650, 1206, 496, 1036, 115, 848, 1724, 568, 11, 761, 959, 1297, 1278, 942, 1355, 1106, 383, 479, 664, 999, 378, 1690, 1684, 68, 1031, 563, 1065, 957, 95, 236, 25, 1024, 1592, 801, 65, 454, 190, 1103, 933, 976, 750, 1762, 805, 843, 1362, 780, 1542, 438, 1069, 375, 1322, 554, 426, 422, 859, 1602, 978, 952, 233, 1351, 1629, 551, 790, 1074, 774, 1361, 1007, 883, 406, 1307, 854, 365, 498, 1208, 17, 1701, 940, 758, 33, 457, 419, 1569, 202, 1564, 886, 796, 977, 282, 52, 398, 775, 513, 1393, 912, 1555, 439, 1656, 308, 1382, 1183, 622, 914, 549, 1133, 1219, 1373, 871, 1326, 231, 628, 109, 1350, 1597, 706, 1329, 363, 588, 1556, 307, 259, 1600, 1328, 840, 1543, 1228, 640, 1059, 641, 1269, 182, 1468, 1462, 1413, 296, 835, 1010, 1467, 609, 85, 140, 1272, 46, 464, 537, 1083, 1773, 13, 1695, 1507, 1406, 1443, 1293, 1631, 495, 88, 1708, 888, 1242, 1744, 372, 860, 1482, 1571, 4, 1046, 117, 1153, 1150, 164, 430, 107, 684, 677, 1488, 605, 870, 982, 1761, 92, 143, 219, 944, 666, 1514, 325, 1342, 1716, 1371, 1349, 204, 462, 394, 191, 339, 315, 159, 1094, 1533, 1606, 1, 524, 1780, 1039, 1770, 961, 717, 1687, 849, 354, 1702, 528, 166, 410, 1122, 39]
Essay ids in testing:
[1013, 945, 1187, 966, 1426, 711, 162, 142, 936, 909, 1218, 1402, 1184, 951, 1155, 1553, 460, 1102, 958, 1291, 520, 714, 692, 7, 1720, 1149, 1699, 1737, 557, 887, 560, 509, 1140, 1640, 1018, 1560, 234, 405, 881, 596, 1593, 515, 792, 747, 1588, 716, 345, 1354, 1711, 1129, 176, 81, 1546, 988, 1366, 1665, 1234, 1465, 1565, 299, 1645, 1481, 1558, 149, 1654, 541, 1055, 35, 260, 1518, 1666, 396, 516, 504, 153, 48, 985, 1418, 671, 54, 725, 1657, 119, 538, 895, 108, 125, 1617, 856, 1325, 263, 230, 817, 1111, 1642, 545, 77, 1586, 328, 1092, 1787, 1530, 15, 910, 311, 1783, 1779, 1004, 1730, 1174, 814, 478, 907, 941, 1327, 19, 635, 1403, 1492, 188, 884, 441, 989, 618, 1491, 908, 1352, 1261, 1189, 960, 136, 1332, 514, 523, 736, 1141, 567, 384, 644, 1537, 612, 1042, 470, 356, 446, 1265, 241, 183, 1548, 1119, 660, 304, 40, 1395, 1745, 1771, 571, 1463, 324, 762, 771, 1719, 255, 987, 1324, 6, 59, 250, 218, 1216, 1198, 300, 709, 1415, 921, 974, 1050, 748, 1689, 1146, 192, 1057, 1715, 1644, 535, 224, 411, 599, 997, 145, 1407, 1337, 763, 20, 1335, 1432, 55, 1498, 1554, 445, 1598, 381, 1144, 10, 468, 221, 578, 114, 1087, 1692, 1017, 83, 1390, 1384, 1379, 1061, 1549, 1227, 1266, 67, 86, 1525, 93, 1282, 1358, 123, 1158, 542, 1002, 1079, 1239, 533, 926, 1064, 18, 675, 1113, 532, 53, 417, 279, 1058, 1502, 1609, 519, 1086, 998, 938, 157, 1214, 160, 1672, 38, 1117, 943, 455, 1424, 252, 1151, 1659, 1016, 1089, 379, 1241, 529, 1641, 1029, 1215, 277, 476, 254, 847, 788, 1559, 1312, 492, 673, 443, 890, 272, 949, 1552, 350, 669, 1221, 5, 205, 600, 220, 566, 1196, 449, 924, 1300, 1456, 1464, 269, 335, 32, 1765, 652, 1739, 1104, 1623, 772, 1575, 1587, 715, 561, 584, 651, 1250, 968, 90, 1290, 832, 1299, 1301, 178, 1486, 734, 428, 1041, 570, 1259, 1090, 1136, 364, 490, 437, 521, 751, 1459, 804, 556, 1231, 172, 797, 393, 271, 228, 1466, 1451, 573, 1527, 1292, 831, 1473, 522, 980, 864, 1377, 1347, 193, 261, 973, 916]