ALLOW_SOFT_PLACEMENT=<absl.flags._flag.BooleanFlag object at 0x7fb2fa4d5518>
BATCH_SIZE=<absl.flags._flag.Flag object at 0x7fb2fa4cff28>
EMBEDDING_SIZE=<absl.flags._flag.Flag object at 0x7fb2fa4d52b0>
EPOCHS=<absl.flags._flag.Flag object at 0x7fb2fa4d5208>
EPSILON=<absl.flags._flag.Flag object at 0x7fb30fe5b588>
ESSAY_SET_ID=<absl.flags._flag.Flag object at 0x7fb2fa4d5358>
EVALUATION_INTERVAL=<absl.flags._flag.Flag object at 0x7fb2fa4cfe80>
FEATURE_SIZE=<absl.flags._flag.Flag object at 0x7fb2fa4cffd0>
GATED_ADDRESSING=<absl.flags._flag.BooleanFlag object at 0x7fb2fa4d5438>
HOPS=<absl.flags._flag.Flag object at 0x7fb2fa4d5160>
KEEP_PROB=<absl.flags._flag.Flag object at 0x7fb2fa4cfda0>
L2_LAMBDA=<absl.flags._flag.Flag object at 0x7fb2fa4cfc88>
LEARNING_RATE=<absl.flags._flag.Flag object at 0x7fb2fa4cf898>
LOG_DEVICE_PLACEMENT=<absl.flags._flag.BooleanFlag object at 0x7fb2fa4d5588>
MAX_GRAD_NORM=<absl.flags._flag.Flag object at 0x7fb2fa4cfcf8>
NUM_SAMPLES=<absl.flags._flag.Flag object at 0x7fb2fa4d50b8>
TOKEN_NUM=<absl.flags._flag.Flag object at 0x7fb2fa4d5400>
max_score is 12 	 min_score is 2 
max sentence size: 911 
mean sentence size: 392
The size of training data: 1132
The size of testing data: 357
The size of evaluation data: 283

Essay scores in memory:
[2, 3, 4, 5, 6, 7, 8, 9, 10, 11, 12]
Essay ids in memory:
[41, 22, 1253, 1513, 590, 382, 1346, 309, 1417, 919, 321]
Essay ids in training:
[413, 863, 151, 743, 539, 1286, 397, 1208, 1063, 427, 1581, 212, 733, 283, 930, 1251, 1202, 226, 1442, 757, 607, 565, 1127, 517, 737, 1428, 110, 1272, 200, 1561, 1120, 1455, 1676, 1423, 14, 1207, 706, 1707, 577, 1531, 900, 1741, 690, 982, 98, 1021, 1362, 333, 1387, 1574, 914, 1696, 25, 331, 1348, 233, 448, 875, 536, 206, 1514, 1677, 64, 672, 1634, 1014, 1590, 666, 811, 594, 56, 11, 942, 723, 1726, 1071, 1223, 1034, 266, 915, 1445, 1262, 274, 886, 163, 104, 251, 1438, 513, 1629, 1372, 821, 1483, 293, 613, 1564, 1209, 99, 1759, 680, 1621, 752, 302, 1591, 1671, 78, 4, 1369, 1032, 1205, 854, 1236, 506, 839, 615, 1391, 676, 171, 1508, 1289, 1243, 267, 301, 1197, 809, 158, 642, 844, 819, 246, 1181, 118, 1625, 225, 229, 959, 1027, 1045, 385, 955, 423, 354, 1328, 683, 363, 2, 1507, 722, 888, 1278, 68, 1273, 488, 308, 479, 1584, 992, 1342, 1371, 342, 1024, 432, 1222, 1173, 1687, 374, 1096, 1450, 1764, 833, 1723, 780, 175, 1421, 137, 1370, 473, 1572, 1078, 1597, 1670, 1114, 1053, 296, 1254, 371, 253, 1425, 766, 524, 1614, 327, 693, 550, 576, 754, 758, 201, 1398, 1121, 1373, 1467, 777, 981, 219, 1768, 1000, 1295, 1232, 1333, 928, 742, 796, 1148, 1725, 1133, 209, 71, 1526, 871, 1274, 1171, 412, 619, 92, 1664, 154, 386, 1578, 424, 1183, 1613, 168, 1186, 487, 1217, 1589, 1385, 1686, 147, 1429, 1374, 583, 1178, 659, 1336, 378, 180, 631, 735, 648, 1680, 850, 1649, 867, 531, 1125, 464, 961, 1747, 1729, 29, 695, 1047, 824, 1624, 170, 12, 62, 630, 46, 173, 975, 1573, 1522, 738, 1172, 507, 1094, 911, 1351, 939, 606, 1545, 282, 329, 1543, 1458, 993, 433, 103, 595, 1556, 1182, 636, 707, 1754, 1505, 1195, 904, 656, 1679, 805, 195, 807, 843, 530, 1099, 1319, 28, 544, 237, 303, 1028, 1375, 1480, 654, 36, 637, 141, 435, 244, 1547, 1260, 74, 1360, 26, 931, 1405, 1157, 1782, 787, 474, 1106, 72, 1237, 813, 242, 1123, 91, 481, 1662, 1727, 1461, 426, 848, 893, 44, 1297, 357, 184, 1270, 1311, 639, 306, 732, 1091, 1134, 485, 1705, 1776, 1257, 580, 883, 414, 404, 1700, 31, 898, 593, 1615, 1322, 369, 1026, 1420, 1709, 51, 89, 400, 273, 633, 1003, 1504, 13, 408, 101, 1422, 894, 1330, 1285, 462, 1367, 1608, 1734, 1690, 964, 508, 1067, 1780, 933, 954, 976, 661, 555, 1321, 191, 948, 1077, 198, 1620, 1706, 362, 645, 1317, 482, 778, 1152, 812, 512, 755, 45, 1469, 665, 546, 348, 1376, 281, 1176, 1474, 1306, 284, 332, 132, 1708, 917, 1551, 859, 1170, 1411, 1488, 196, 1168, 1258, 316, 1682, 526, 1740, 181, 957, 1389, 494, 1517, 1449, 1128, 1753, 1557, 360, 1454, 17, 1568, 962, 1284, 438, 1697, 591, 708, 1477, 1596, 1263, 1203, 366, 870, 1566, 425, 1476, 1314, 390, 1110, 120, 210, 232, 1437, 1010, 1750, 222, 694, 741, 130, 334, 461, 1524, 944, 401, 288, 1475, 603, 638, 991, 1460, 376, 503, 1562, 388, 1444, 869, 756, 1271, 899, 740, 419, 1602, 204, 835, 325, 337, 1044, 764, 1579, 174, 1175, 1298, 1721, 1364, 950, 1563, 1536, 395, 1224, 469, 402, 1413, 1380, 1533, 705, 258, 346, 1233, 187, 375, 1635, 1116, 1760, 802, 1115, 52, 853, 217, 990, 1650, 1400, 834, 785, 882, 1763, 1, 775, 1294, 410, 106, 1441, 1410, 829, 592, 1056, 872, 1653, 1443, 343, 394, 322, 1509, 444, 135, 952, 486, 39, 1610, 1669, 318, 1194, 1496, 1361, 1752, 586, 1436, 1781, 1655, 1302, 1082, 80, 287, 858, 1185, 34, 574, 1393, 1193, 857, 1033, 442, 1743, 497, 1724, 69, 1668, 1118, 1340, 1751, 415, 1681, 30, 745, 609, 1447, 190, 1766, 1357, 43, 1489, 1555, 720, 632, 688, 1583, 1097, 79, 547, 1541, 291, 319, 1628, 1540, 1710, 214, 102, 1005, 289, 1320, 1637, 1212, 1365, 861, 1506, 124, 1703, 1778, 1138, 1022, 215, 1414, 940, 1632, 1773, 1651, 96, 1051, 1098, 969, 1268, 739, 602, 1072, 749, 240, 1673, 650, 1344, 1162, 641, 1154, 657, 111, 1245, 1109, 278, 1252, 275, 380, 1761, 1701, 846, 1307, 498, 1784, 377, 1338, 1704, 664, 113, 480, 440, 878, 107, 1497, 721, 323, 704, 66, 1206, 827, 753, 994, 133, 1767, 971, 1604, 330, 489, 307, 88, 726, 1293, 922, 1652, 1093, 670, 1736, 115, 782, 1684, 1310, 1569, 697, 1035, 1169, 185, 1570, 1108, 1381, 1062, 1397, 259, 760, 668, 491, 663, 1166, 838, 1728, 1516, 913, 1296, 696, 403, 965, 483, 1577, 868, 1595, 698, 349, 262, 791, 892, 699, 1068, 1280, 1363, 406, 897, 294, 1738, 1070, 794, 398, 368, 1350, 1567, 1485, 678, 1582, 598, 341, 128, 452, 416, 1323, 537, 623, 1165, 1048, 421, 979, 186, 1535, 1756, 823, 1037, 616, 912, 1180, 150, 1281, 370, 1382, 60, 770, 1749, 1515, 144, 194, 1353, 608, 295, 1501, 1534, 1100, 265, 601, 1305, 786, 1611, 611, 1308, 585, 50, 1075, 152, 511, 818, 873, 874, 1378, 700, 1163, 164, 825, 1065, 1633, 320, 459, 297, 23, 1277, 1685, 169, 710, 540, 727, 658, 1519, 1304, 264, 1264, 779, 286, 112, 105, 496, 840, 1244, 563, 1494, 231, 1733, 1612, 1408, 1038, 359, 610, 1607, 236, 1528, 826, 682, 647, 391, 896, 1638, 712, 1060, 620, 953, 436, 8, 1532, 1085, 1095, 1694, 1695, 1046, 276, 534, 765, 1544, 1142, 239, 543, 865, 810, 1392, 1160, 238, 767, 1401, 1326, 312, 1143, 852, 905, 575, 387, 597, 1479, 1011, 1769, 208, 447, 681, 117, 1538, 1471, 929, 589, 728, 1616, 9, 94, 257, 1246, 1510, 409, 643, 816, 564, 256, 769, 800, 879, 1770, 1059, 353, 549, 347, 1431, 841, 1192, 1043, 789, 790, 131, 249, 1368, 903, 42, 1201, 1735, 1339, 1359, 849, 1204, 822, 629, 310, 505, 627, 1267, 803, 634, 450, 1580, 937, 502, 85, 1200, 463, 365, 768, 1191, 336, 624, 1627, 1076, 1462, 1399, 967, 207, 16, 21, 1288, 33, 161, 1529, 701, 70, 1211, 906, 815, 605, 1309, 862, 579, 1512, 830, 1495, 1683, 1691, 1238, 548, 429, 851, 702, 977, 1478, 996, 121, 510, 1470, 182, 358, 223, 820, 1712, 1520, 1112, 1190, 227, 1571, 717, 454, 355, 860, 1225, 451, 1331, 1622, 902, 572, 1416, 84, 458, 836, 248, 1210, 465, 719, 1674, 456, 122, 1731, 1179, 1006, 1585, 1678, 1446, 1101, 1500, 1343, 340, 1081, 1145, 1066, 562, 1499, 116, 759, 1605, 1744, 640, 1688, 216, 1539, 1661, 776, 500, 935, 1153, 1124, 1786, 617, 1542, 434, 1619, 1440, 1105, 799, 1785, 1493, 1419, 1103, 1341, 744, 551, 1636, 999, 1755, 326, 986, 1523, 527, 501, 177, 1139, 1150, 662, 718, 1717, 290, 1329, 1030, 235, 1631, 1646, 3, 801, 1069, 202, 1732, 761, 1383, 956, 1001, 82, 407, 1199, 1315, 372, 946, 1453, 292, 1040, 1242, 1275, 1698, 677, 559, 1742, 1772, 1412, 1490, 495, 1675]
Essay ids in evaluation:
[138, 1576, 653, 649, 808, 270, 1388, 885, 1164, 1240, 1080, 484, 1457, 493, 713, 876, 352, 167, 1074, 1256, 1167, 1313, 978, 1639, 554, 1626, 472, 793, 339, 418, 97, 392, 1452, 466, 430, 1356, 1345, 1430, 984, 1161, 1355, 1663, 1434, 1713, 845, 383, 855, 784, 970, 1084, 679, 1248, 1439, 1147, 1394, 1015, 773, 280, 798, 166, 1247, 724, 1600, 1036, 1135, 891, 588, 1132, 1757, 1746, 73, 148, 582, 920, 1718, 621, 1230, 1008, 1349, 1435, 351, 422, 109, 552, 1287, 1023, 1409, 1386, 1276, 1107, 774, 995, 1511, 315, 165, 750, 569, 1648, 268, 1219, 305, 24, 1630, 806, 934, 477, 61, 837, 646, 1714, 625, 95, 1213, 587, 614, 1601, 1758, 1020, 686, 211, 1472, 1054, 399, 156, 1229, 285, 1303, 1019, 1130, 889, 925, 655, 689, 143, 245, 684, 1487, 1226, 1009, 247, 1137, 146, 1643, 1658, 730, 628, 1427, 626, 139, 63, 1406, 367, 420, 49, 1722, 87, 140, 972, 1007, 126, 1603, 203, 243, 159, 475, 1156, 877, 983, 1468, 528, 604, 1660, 127, 1433, 729, 1647, 687, 1594, 317, 746, 1618, 1088, 439, 932, 199, 703, 471, 155, 828, 338, 1748, 685, 1448, 1025, 731, 947, 129, 1606, 781, 1334, 1126, 314, 1283, 389, 525, 568, 518, 1775, 57, 499, 1220, 361, 553, 37, 1318, 467, 213, 1693, 76, 58, 901, 842, 1550, 298, 880, 918, 1073, 795, 1031, 134, 963, 1777, 1716, 923, 1122, 1012, 1177, 1482, 1667, 75, 27, 197, 1159, 1255, 674, 691, 47, 1316, 558, 927, 1039, 1503, 1702, 1228, 1656, 1774, 1762, 622, 431, 1592, 1396, 65, 1279, 1484, 1521, 373, 1049, 667, 189, 453, 1269, 457, 1083, 1249, 1188, 1599, 783, 866, 100, 1052, 179, 581, 1404]
Essay ids in testing:
[1013, 945, 1187, 966, 1426, 711, 162, 142, 936, 909, 1218, 1402, 1184, 951, 1155, 1553, 460, 1102, 958, 1291, 520, 714, 692, 7, 1720, 1149, 1699, 1737, 557, 887, 560, 509, 1140, 1640, 1018, 1560, 234, 405, 881, 596, 1593, 515, 792, 747, 1588, 716, 345, 1354, 1711, 1129, 176, 81, 1546, 988, 1366, 1665, 1234, 1465, 1565, 299, 1645, 1481, 1558, 149, 1654, 541, 1055, 35, 260, 1518, 1666, 396, 516, 504, 153, 48, 985, 1418, 671, 54, 725, 1657, 119, 538, 895, 108, 125, 1617, 856, 1325, 263, 230, 817, 1111, 1642, 545, 77, 1586, 328, 1092, 1787, 1530, 15, 910, 311, 1783, 1779, 1004, 1730, 1174, 814, 478, 907, 941, 1327, 19, 635, 1403, 1492, 188, 884, 441, 989, 618, 1491, 908, 1352, 1261, 1189, 960, 136, 1332, 514, 523, 736, 1141, 567, 384, 644, 1537, 612, 1042, 470, 356, 446, 1265, 241, 183, 1548, 1119, 660, 304, 40, 1395, 1745, 1771, 571, 1463, 324, 762, 771, 1719, 255, 987, 1324, 6, 59, 250, 218, 1216, 1198, 300, 709, 1415, 921, 974, 1050, 748, 1689, 1146, 192, 1057, 1715, 1644, 535, 224, 411, 599, 997, 145, 1407, 1337, 763, 20, 1335, 1432, 55, 1498, 1554, 445, 1598, 381, 1144, 10, 468, 221, 578, 114, 1087, 1692, 1017, 83, 1390, 1384, 1379, 1061, 1549, 1227, 1266, 67, 86, 1525, 93, 1282, 1358, 123, 1158, 542, 1002, 1079, 1239, 533, 926, 1064, 18, 675, 1113, 532, 53, 417, 279, 1058, 1502, 1609, 519, 1086, 998, 938, 157, 1214, 160, 1672, 38, 1117, 943, 455, 1424, 252, 1151, 1659, 1016, 1089, 379, 1241, 529, 1641, 1029, 1215, 277, 476, 254, 847, 788, 1559, 1312, 492, 673, 443, 890, 272, 949, 1552, 350, 669, 1221, 5, 205, 600, 220, 566, 1196, 449, 924, 1300, 1456, 1464, 269, 335, 32, 1765, 652, 1739, 1104, 1623, 772, 1575, 1587, 715, 561, 584, 651, 1250, 968, 90, 1290, 832, 1299, 1301, 178, 1486, 734, 428, 1041, 570, 1259, 1090, 1136, 364, 490, 437, 521, 751, 1459, 804, 556, 1231, 172, 797, 393, 271, 228, 1466, 1451, 573, 1527, 1292, 831, 1473, 522, 980, 864, 1377, 1347, 193, 261, 973, 916]