ALLOW_SOFT_PLACEMENT=<absl.flags._flag.BooleanFlag object at 0x7f0864588208>
BATCH_SIZE=<absl.flags._flag.Flag object at 0x7f0864588668>
EMBEDDING_SIZE=<absl.flags._flag.Flag object at 0x7f08645889e8>
EPOCHS=<absl.flags._flag.Flag object at 0x7f0864588940>
EPSILON=<absl.flags._flag.Flag object at 0x7f087b9f45c0>
ESSAY_SET_ID=<absl.flags._flag.Flag object at 0x7f0864588a90>
EVALUATION_INTERVAL=<absl.flags._flag.Flag object at 0x7f0864588400>
FEATURE_SIZE=<absl.flags._flag.Flag object at 0x7f0864588588>
GATED_ADDRESSING=<absl.flags._flag.BooleanFlag object at 0x7f0864588b70>
HOPS=<absl.flags._flag.Flag object at 0x7f0864588898>
KEEP_PROB=<absl.flags._flag.Flag object at 0x7f08645882b0>
L2_LAMBDA=<absl.flags._flag.Flag object at 0x7f0866067c50>
LEARNING_RATE=<absl.flags._flag.Flag object at 0x7f0864588358>
LOG_DEVICE_PLACEMENT=<absl.flags._flag.BooleanFlag object at 0x7f0864588cf8>
MAX_GRAD_NORM=<absl.flags._flag.Flag object at 0x7f08645884a8>
NUM_SAMPLES=<absl.flags._flag.Flag object at 0x7f0864588748>
TOKEN_NUM=<absl.flags._flag.Flag object at 0x7f0864588b38>
max_score is 12 	 min_score is 2 
max sentence size: 911 
mean sentence size: 392
The size of training data: 1132
The size of testing data: 357
The size of evaluation data: 283

Essay scores in memory:
[2, 3, 4, 5, 6, 7, 8, 9, 10, 11, 12]
Essay ids in memory:
[41, 22, 1253, 1513, 590, 382, 1346, 309, 1417, 919, 321]
Essay ids in training:
[510, 1616, 1147, 1639, 1782, 878, 680, 1628, 333, 1283, 1775, 583, 855, 295, 75, 151, 768, 358, 1514, 416, 744, 912, 315, 1021, 146, 1385, 608, 723, 579, 1531, 275, 1497, 1625, 459, 1592, 1134, 1383, 426, 1727, 291, 284, 1496, 1583, 784, 1564, 1342, 1597, 1099, 1378, 841, 979, 1662, 1336, 1591, 1276, 1454, 1, 604, 956, 421, 1360, 206, 1561, 695, 1647, 1573, 1333, 1272, 833, 1309, 572, 1037, 1443, 349, 334, 388, 1080, 996, 1351, 139, 554, 563, 1071, 947, 179, 894, 1096, 1499, 184, 1175, 1581, 248, 1538, 258, 1229, 297, 168, 1183, 1675, 1192, 412, 619, 46, 1303, 1680, 1663, 1632, 1404, 710, 1500, 155, 1578, 866, 801, 1112, 934, 805, 588, 1784, 587, 1052, 95, 1172, 1370, 1077, 1355, 1748, 329, 718, 629, 1489, 1545, 871, 740, 348, 1695, 1201, 613, 1014, 493, 1460, 264, 413, 775, 1085, 972, 294, 1152, 1397, 1606, 621, 1236, 122, 1649, 647, 1679, 1373, 544, 1567, 1495, 430, 134, 1072, 1479, 1030, 575, 373, 211, 156, 51, 683, 353, 24, 622, 663, 882, 1656, 1046, 1484, 865, 646, 508, 1483, 47, 424, 343, 1243, 524, 969, 1532, 859, 592, 1210, 225, 1181, 456, 627, 971, 302, 933, 755, 257, 113, 886, 1468, 107, 1442, 505, 98, 637, 1501, 171, 759, 74, 1376, 790, 766, 1040, 340, 1254, 496, 235, 390, 73, 229, 534, 1297, 1428, 1027, 1341, 1344, 965, 1634, 1441, 414, 1313, 733, 88, 1367, 1288, 526, 1648, 799, 902, 1116, 1103, 883, 1126, 807, 1447, 1088, 1285, 1179, 1562, 130, 1438, 1306, 410, 1105, 1202, 1726, 1511, 708, 1160, 1445, 323, 1143, 1162, 780, 852, 1311, 129, 389, 1038, 185, 265, 1691, 406, 238, 540, 1237, 253, 767, 760, 536, 730, 1550, 1206, 1097, 1094, 940, 1585, 1410, 12, 89, 1570, 243, 994, 21, 1293, 1751, 3, 703, 531, 418, 1611, 1182, 901, 1412, 623, 94, 1003, 1487, 704, 625, 872, 115, 102, 268, 764, 239, 705, 679, 1405, 180, 316, 270, 719, 491, 1100, 904, 1637, 1544, 210, 1576, 137, 1517, 60, 1246, 1391, 1462, 408, 486, 1110, 1674, 306, 331, 280, 351, 1020, 828, 473, 1414, 154, 1051, 1767, 591, 1474, 1686, 385, 537, 800, 169, 1170, 1043, 1005, 1023, 1178, 1156, 1275, 898, 126, 1190, 274, 1406, 1734, 401, 844, 1065, 1614, 87, 712, 392, 1063, 1749, 1056, 1673, 195, 325, 1298, 30, 485, 697, 1068, 1319, 806, 487, 1142, 977, 925, 929, 308, 645, 1580, 1310, 190, 605, 439, 1599, 812, 458, 479, 159, 497, 1284, 1781, 632, 1658, 1759, 1074, 1596, 937, 1191, 339, 746, 1471, 569, 451, 330, 602, 879, 568, 1566, 1510, 72, 85, 682, 1127, 1768, 1729, 1504, 207, 464, 1519, 851, 1219, 1431, 1604, 633, 837, 1248, 649, 729, 655, 610, 597, 770, 138, 1069, 1542, 1653, 993, 999, 1610, 877, 1536, 375, 167, 1524, 489, 1073, 518, 1122, 693, 1472, 1608, 326, 1115, 899, 36, 827, 442, 991, 944, 782, 1458, 62, 82, 698, 1135, 565, 732, 1026, 1082, 992, 1263, 1257, 409, 1555, 539, 267, 1009, 374, 1760, 639, 1770, 1433, 1159, 423, 1340, 1145, 191, 246, 1533, 116, 700, 422, 634, 1078, 585, 1718, 1252, 1286, 739, 1307, 659, 1746, 237, 1423, 1668, 1049, 1401, 664, 888, 399, 601, 685, 1416, 236, 436, 121, 23, 359, 337, 1688, 686, 109, 1157, 1070, 1652, 1420, 285, 559, 923, 118, 500, 672, 1756, 186, 1742, 690, 1758, 796, 1217, 1059, 939, 65, 1493, 1439, 281, 1762, 981, 447, 1308, 194, 1035, 1195, 1635, 1128, 1698, 620, 217, 1006, 1551, 357, 484, 1457, 779, 892, 624, 1396, 946, 1722, 1188, 653, 1260, 365, 1164, 1556, 13, 1176, 377, 793, 823, 903, 527, 609, 363, 959, 148, 215, 1757, 1169, 150, 1766, 1774, 1022, 1676, 658, 550, 1572, 182, 283, 144, 1776, 289, 582, 200, 1582, 1361, 397, 631, 1427, 1133, 1277, 233, 1744, 319, 368, 1228, 1753, 4, 1364, 202, 1093, 761, 753, 1772, 209, 457, 826, 962, 1522, 811, 1295, 648, 84, 1704, 667, 276, 1600, 1754, 1601, 1521, 1118, 256, 1682, 1165, 1171, 863, 1329, 481, 214, 1413, 1226, 1045, 1712, 834, 774, 33, 1425, 848, 975, 1429, 678, 244, 332, 1569, 815, 603, 1185, 1607, 681, 57, 314, 1709, 967, 68, 922, 1244, 440, 517, 1786, 64, 1317, 927, 92, 1409, 1529, 91, 1010, 78, 1270, 1349, 475, 1213, 1066, 1678, 1677, 1326, 1455, 562, 640, 920, 1577, 1543, 1488, 810, 212, 1512, 1651, 124, 1387, 1294, 1039, 1269, 1490, 27, 1618, 1780, 1173, 58, 1204, 1281, 1436, 1620, 251, 435, 1098, 846, 45, 1388, 1534, 1287, 181, 1485, 1440, 838, 765, 1452, 1477, 69, 1225, 97, 407, 696, 189, 1743, 286, 868, 213, 26, 795, 387, 42, 454, 1683, 391, 71, 1268, 688, 1211, 1660, 1186, 785, 360, 1148, 1777, 564, 434, 754, 717, 1222, 813, 862, 1137, 656, 853, 1278, 1375, 1203, 1153, 112, 452, 1717, 1197, 1707, 1357, 1314, 829, 128, 1769, 1615, 1081, 370, 427, 1667, 132, 444, 17, 830, 957, 616, 367, 1398, 1785, 448, 735, 1503, 483, 317, 249, 953, 1212, 1130, 1194, 305, 581, 1242, 104, 1701, 227, 1123, 722, 897, 630, 1633, 1264, 1669, 1693, 232, 1036, 431, 502, 942, 404, 372, 777, 615, 1540, 1595, 187, 1053, 511, 1725, 282, 666, 312, 1339, 1120, 223, 1011, 1579, 495, 298, 1328, 983, 1372, 290, 1322, 650, 935, 506, 654, 756, 1008, 378, 641, 1752, 1411, 301, 822, 1461, 453, 586, 896, 262, 1574, 1541, 769, 1539, 665, 749, 1732, 757, 1478, 8, 1716, 1482, 158, 494, 1034, 580, 141, 1470, 403, 383, 1302, 549, 450, 657, 1523, 197, 1232, 843, 44, 607, 307, 1755, 802, 222, 488, 930, 707, 638, 310, 574, 1764, 1661, 1605, 1321, 1062, 472, 1629, 1138, 438, 839, 1408, 101, 1475, 1161, 1400, 1731, 915, 1280, 954, 1075, 1394, 1710, 745, 860, 29, 1271, 34, 70, 576, 867, 726, 1681, 816, 1721, 463, 970, 1619, 1166, 1150, 1735, 432, 1547, 1238, 964, 889, 752, 551, 1613, 961, 1296, 1584, 741, 783, 1019, 662, 978, 327, 982, 990, 247, 1687, 80, 1590, 836, 720, 911, 355, 849, 1076, 913, 143, 1274, 1714, 465, 322, 110, 79, 1000, 553, 1316, 1612, 287, 670, 273, 1516, 1563, 1603, 127, 1728, 1345, 1209, 133, 1392, 689, 1449, 420, 362, 1515, 105, 1318, 845, 1685, 266, 952, 1761, 371, 1589, 1670, 1741, 818, 995, 37, 931, 386, 1381, 1382, 825, 433, 794, 201, 1773, 292, 1723, 606, 821, 738, 820, 819, 528, 341, 1101, 677, 1444, 513, 166, 1371, 1655, 1106, 1024, 595, 338, 893, 1083, 173, 1305, 731, 555, 1289, 99, 1738, 1359, 100, 394, 425, 1740, 1650, 1638, 177, 1507, 347, 1624, 165, 499, 43, 552, 1446, 1480, 1626, 1320, 776, 320, 1594, 876, 199, 1631, 415, 1247, 614, 789, 1363, 1315, 1233, 318, 917, 1702, 140, 1430, 1033, 1107, 1389, 419, 809, 803, 1750, 1622]
Essay ids in evaluation:
[1697, 1007, 216, 1419, 1435, 1343, 111, 398, 342, 1736, 727, 628, 918, 1535, 1684, 25, 231, 1067, 1703, 598, 787, 2, 1323, 245, 96, 204, 701, 1167, 1747, 477, 626, 875, 380, 808, 1001, 1338, 482, 1374, 758, 117, 1168, 1028, 525, 1109, 120, 395, 702, 1124, 1251, 56, 61, 512, 589, 402, 684, 1350, 1365, 226, 352, 642, 543, 636, 1664, 674, 1348, 175, 1256, 1208, 461, 1054, 1267, 39, 467, 1646, 400, 1273, 361, 170, 558, 429, 49, 152, 950, 1177, 798, 1193, 874, 1331, 773, 661, 28, 1399, 501, 1132, 203, 507, 259, 1048, 147, 1509, 593, 1467, 870, 471, 1330, 52, 1494, 1060, 594, 242, 163, 842, 1671, 1386, 196, 1393, 1369, 781, 164, 1437, 376, 296, 850, 31, 873, 1696, 743, 840, 1224, 1031, 1520, 984, 891, 1571, 880, 668, 724, 1220, 1602, 928, 713, 547, 131, 617, 1223, 66, 1015, 1368, 1706, 50, 14, 1249, 1163, 278, 1199, 791, 858, 198, 728, 1032, 1044, 1180, 1258, 354, 1694, 1084, 1643, 691, 721, 694, 611, 1154, 1012, 687, 1733, 1528, 63, 1557, 1245, 498, 1690, 503, 900, 1353, 676, 530, 1630, 1262, 861, 1476, 1139, 135, 1095, 9, 1108, 1505, 1708, 932, 1334, 1621, 462, 1778, 742, 1421, 706, 1205, 778, 208, 161, 103, 1114, 1627, 174, 906, 1448, 1230, 577, 1279, 240, 480, 1200, 1356, 303, 1091, 1636, 16, 750, 466, 835, 948, 219, 76, 1362, 1508, 366, 737, 1025, 1568, 106, 824, 857, 469, 699, 885, 1506, 1526, 1422, 986, 293, 1724, 1380, 1700, 914, 546, 288, 548, 11, 643, 854, 1450, 1207, 905, 1255, 474, 1304, 963, 976, 1713, 346, 786, 1240, 869, 1453, 1705, 955, 1469, 369, 336, 1434, 1763, 1125, 1047, 1121]
Essay ids in testing:
[1013, 945, 1187, 966, 1426, 711, 162, 142, 936, 909, 1218, 1402, 1184, 951, 1155, 1553, 460, 1102, 958, 1291, 520, 714, 692, 7, 1720, 1149, 1699, 1737, 557, 887, 560, 509, 1140, 1640, 1018, 1560, 234, 405, 881, 596, 1593, 515, 792, 747, 1588, 716, 345, 1354, 1711, 1129, 176, 81, 1546, 988, 1366, 1665, 1234, 1465, 1565, 299, 1645, 1481, 1558, 149, 1654, 541, 1055, 35, 260, 1518, 1666, 396, 516, 504, 153, 48, 985, 1418, 671, 54, 725, 1657, 119, 538, 895, 108, 125, 1617, 856, 1325, 263, 230, 817, 1111, 1642, 545, 77, 1586, 328, 1092, 1787, 1530, 15, 910, 311, 1783, 1779, 1004, 1730, 1174, 814, 478, 907, 941, 1327, 19, 635, 1403, 1492, 188, 884, 441, 989, 618, 1491, 908, 1352, 1261, 1189, 960, 136, 1332, 514, 523, 736, 1141, 567, 384, 644, 1537, 612, 1042, 470, 356, 446, 1265, 241, 183, 1548, 1119, 660, 304, 40, 1395, 1745, 1771, 571, 1463, 324, 762, 771, 1719, 255, 987, 1324, 6, 59, 250, 218, 1216, 1198, 300, 709, 1415, 921, 974, 1050, 748, 1689, 1146, 192, 1057, 1715, 1644, 535, 224, 411, 599, 997, 145, 1407, 1337, 763, 20, 1335, 1432, 55, 1498, 1554, 445, 1598, 381, 1144, 10, 468, 221, 578, 114, 1087, 1692, 1017, 83, 1390, 1384, 1379, 1061, 1549, 1227, 1266, 67, 86, 1525, 93, 1282, 1358, 123, 1158, 542, 1002, 1079, 1239, 533, 926, 1064, 18, 675, 1113, 532, 53, 417, 279, 1058, 1502, 1609, 519, 1086, 998, 938, 157, 1214, 160, 1672, 38, 1117, 943, 455, 1424, 252, 1151, 1659, 1016, 1089, 379, 1241, 529, 1641, 1029, 1215, 277, 476, 254, 847, 788, 1559, 1312, 492, 673, 443, 890, 272, 949, 1552, 350, 669, 1221, 5, 205, 600, 220, 566, 1196, 449, 924, 1300, 1456, 1464, 269, 335, 32, 1765, 652, 1739, 1104, 1623, 772, 1575, 1587, 715, 561, 584, 651, 1250, 968, 90, 1290, 832, 1299, 1301, 178, 1486, 734, 428, 1041, 570, 1259, 1090, 1136, 364, 490, 437, 521, 751, 1459, 804, 556, 1231, 172, 797, 393, 271, 228, 1466, 1451, 573, 1527, 1292, 831, 1473, 522, 980, 864, 1377, 1347, 193, 261, 973, 916]