ALLOW_SOFT_PLACEMENT=<absl.flags._flag.BooleanFlag object at 0x7f29d9a494a8>
BATCH_SIZE=<absl.flags._flag.Flag object at 0x7f29d9a42eb8>
EMBEDDING_SIZE=<absl.flags._flag.Flag object at 0x7f29d9a49240>
EPOCHS=<absl.flags._flag.Flag object at 0x7f29d9a49198>
EPSILON=<absl.flags._flag.Flag object at 0x7f29ef3cc550>
ESSAY_SET_ID=<absl.flags._flag.Flag object at 0x7f29d9a492e8>
EVALUATION_INTERVAL=<absl.flags._flag.Flag object at 0x7f29d9a42e10>
FEATURE_SIZE=<absl.flags._flag.Flag object at 0x7f29d9a42f60>
GATED_ADDRESSING=<absl.flags._flag.BooleanFlag object at 0x7f29d9a493c8>
HOPS=<absl.flags._flag.Flag object at 0x7f29d9a490f0>
KEEP_PROB=<absl.flags._flag.Flag object at 0x7f29d9a42d30>
L2_LAMBDA=<absl.flags._flag.Flag object at 0x7f29d9a42b38>
LEARNING_RATE=<absl.flags._flag.Flag object at 0x7f29d9a42be0>
LOG_DEVICE_PLACEMENT=<absl.flags._flag.BooleanFlag object at 0x7f29d9a49518>
MAX_GRAD_NORM=<absl.flags._flag.Flag object at 0x7f29d9a42c88>
NUM_SAMPLES=<absl.flags._flag.Flag object at 0x7f29d9a49048>
TOKEN_NUM=<absl.flags._flag.Flag object at 0x7f29d9a49390>
max_score is 12 	 min_score is 2 
max sentence size: 911 
mean sentence size: 392
The size of training data: 1132
The size of testing data: 357
The size of evaluation data: 283

Essay scores in memory:
[2, 3, 4, 5, 6, 7, 8, 9, 10, 11, 12]
Essay ids in memory:
[41, 22, 1253, 1513, 590, 382, 1346, 309, 1417, 919, 321]
Essay ids in training:
[401, 888, 351, 551, 976, 106, 1764, 789, 1067, 1311, 1778, 26, 75, 1367, 510, 1572, 1630, 1775, 1313, 452, 934, 654, 104, 1564, 1639, 631, 785, 1010, 1072, 1170, 837, 1693, 582, 137, 450, 577, 1240, 1157, 1494, 650, 421, 830, 911, 62, 1729, 662, 806, 1319, 438, 947, 579, 648, 802, 810, 70, 472, 42, 642, 1430, 1435, 306, 565, 552, 1447, 626, 863, 1084, 585, 643, 1251, 440, 536, 427, 796, 1191, 843, 462, 1298, 689, 408, 184, 1164, 1646, 295, 1761, 628, 1543, 8, 425, 1167, 764, 1506, 738, 120, 1484, 1045, 285, 1606, 110, 531, 1431, 315, 377, 875, 37, 1176, 659, 1030, 495, 293, 645, 1207, 1577, 1428, 1439, 1509, 1388, 1676, 1285, 273, 604, 1069, 1162, 325, 749, 1154, 1066, 558, 1596, 94, 633, 1293, 1127, 1330, 780, 1523, 1024, 1440, 825, 1314, 1620, 1619, 432, 72, 164, 13, 1674, 922, 237, 959, 1365, 122, 389, 799, 1571, 1340, 159, 1722, 750, 855, 1763, 1717, 1128, 1095, 880, 1161, 593, 1454, 866, 294, 1539, 621, 85, 676, 1229, 717, 1372, 327, 1746, 485, 333, 1248, 322, 1471, 1448, 403, 1434, 259, 886, 239, 1200, 366, 946, 1137, 1273, 1361, 1359, 1677, 754, 1258, 175, 336, 1455, 963, 95, 905, 444, 927, 1637, 737, 861, 1147, 1203, 629, 236, 23, 1257, 133, 1747, 1286, 388, 420, 787, 740, 1724, 610, 121, 210, 546, 317, 1396, 778, 1495, 1296, 1065, 878, 1615, 902, 197, 840, 1522, 1713, 1414, 146, 1035, 801, 1597, 297, 165, 1735, 117, 334, 1112, 707, 1712, 113, 1322, 603, 457, 646, 696, 527, 198, 182, 1683, 1638, 687, 469, 931, 301, 1488, 807, 251, 848, 4, 200, 1031, 967, 1668, 500, 1034, 1392, 953, 1610, 518, 397, 858, 681, 713, 399, 739, 1607, 1680, 131, 816, 138, 1726, 1512, 1429, 1653, 406, 1716, 1063, 1225, 1545, 1643, 1541, 1142, 370, 1116, 860, 409, 986, 1387, 1697, 1483, 1741, 185, 1376, 1114, 1563, 842, 140, 867, 1213, 168, 822, 940, 838, 996, 786, 1632, 1334, 583, 849, 1245, 1733, 1209, 877, 1355, 1309, 14, 387, 1370, 928, 235, 525, 1345, 9, 812, 307, 1193, 206, 1026, 841, 418, 473, 759, 1121, 265, 1362, 1477, 126, 1517, 1270, 1441, 147, 76, 547, 530, 526, 91, 390, 1007, 57, 362, 1281, 753, 1754, 1391, 1688, 970, 597, 1625, 479, 1096, 177, 1453, 1567, 489, 434, 982, 1040, 857, 1595, 1238, 1743, 195, 925, 1382, 1501, 760, 31, 741, 1276, 1773, 950, 1244, 174, 892, 415, 1679, 1669, 1165, 152, 372, 1080, 1555, 456, 1263, 112, 1368, 873, 150, 1145, 773, 1264, 1714, 170, 1457, 672, 607, 1419, 937, 1182, 1228, 326, 45, 755, 1277, 1626, 21, 394, 1199, 1369, 1438, 1557, 955, 264, 1467, 1480, 1223, 1515, 700, 353, 1302, 367, 475, 1427, 1505, 781, 1449, 144, 1115, 1786, 318, 451, 1704, 1725, 1404, 248, 972, 836, 1307, 43, 1566, 1195, 957, 637, 511, 1020, 1535, 1076, 1782, 569, 735, 1339, 129, 1110, 257, 657, 1732, 862, 1649, 155, 36, 208, 1462, 219, 1036, 1499, 99, 1534, 1521, 154, 851, 78, 1206, 730, 1194, 488, 846, 1774, 1272, 1701, 589, 682, 1460, 979, 512, 499, 1753, 719, 647, 199, 708, 329, 1540, 430, 493, 1437, 496, 1727, 598, 245, 1153, 365, 1667, 386, 1169, 89, 588, 1252, 923, 1267, 815, 581, 391, 724, 1756, 1670, 340, 891, 1655, 1224, 1469, 1452, 1208, 1344, 33, 484, 1305, 97, 820, 1254, 1077, 680, 424, 563, 229, 854, 398, 1458, 376, 1748, 732, 308, 28, 463, 1757, 1686, 1622, 977, 574, 1731, 1122, 80, 223, 1212, 480, 1081, 761, 562, 1180, 1341, 116, 402, 540, 1707, 568, 477, 990, 283, 1423, 1183, 305, 1574, 1420, 1684, 701, 482, 1635, 1394, 971, 774, 554, 1188, 341, 1421, 1046, 118, 1171, 1652, 1422, 898, 135, 839, 1507, 1585, 1752, 1551, 636, 731, 287, 1504, 634, 331, 1511, 534, 572, 1734, 292, 202, 656, 962, 286, 46, 844, 1082, 1356, 1777, 728, 1320, 1594, 319, 605, 1750, 49, 705, 539, 601, 528, 483, 1021, 447, 1028, 1550, 1156, 595, 1599, 232, 903, 1520, 994, 1371, 611, 915, 1039, 225, 553, 61, 904, 242, 1071, 2, 171, 742, 824, 818, 1329, 853, 1260, 1590, 1003, 899, 39, 1295, 1584, 1412, 378, 508, 795, 1400, 623, 342, 1547, 385, 722, 1650, 918, 105, 1443, 952, 204, 965, 1709, 984, 1, 222, 410, 808, 289, 1173, 50, 698, 1508, 1636, 1556, 1159, 466, 555, 1201, 109, 1236, 1708, 1579, 1542, 1531, 1333, 1284, 360, 1544, 169, 1297, 454, 1011, 1608, 865, 1047, 298, 783, 1108, 706, 1364, 942, 1310, 1389, 697, 1526, 79, 1185, 1243, 132, 1385, 158, 380, 1150, 1192, 1033, 1624, 1269, 268, 191, 615, 1287, 82, 720, 993, 765, 246, 1702, 1648, 278, 1043, 712, 1262, 901, 1038, 828, 784, 835, 214, 758, 833, 207, 56, 704, 1226, 143, 1767, 25, 1124, 238, 414, 290, 111, 1738, 130, 1336, 47, 827, 433, 1706, 823, 423, 790, 1070, 1570, 280, 935, 1614, 1321, 474, 240, 1232, 1027, 1416, 1450, 1255, 27, 1279, 256, 829, 253, 1497, 100, 896, 337, 668, 1023, 1172, 1288, 548, 1348, 1470, 1583, 491, 503, 876, 1589, 1135, 1768, 1308, 400, 1323, 1496, 312, 316, 1283, 249, 1134, 1054, 1088, 1485, 1343, 65, 983, 834, 779, 1106, 1529, 1603, 1723, 1304, 1103, 559, 591, 1479, 791, 1628, 494, 1682, 1742, 211, 348, 978, 1627, 151, 1315, 1681, 1246, 879, 592, 1476, 1687, 270, 1602, 1633, 276, 1621, 369, 894, 683, 655, 819, 1728, 1177, 213, 693, 1073, 64, 1350, 1536, 991, 609, 11, 800, 1685, 1718, 1433, 1190, 1139, 1085, 920, 586, 608, 1005, 981, 1230, 1478, 435, 296, 524, 1360, 1629, 1446, 243, 439, 1363, 167, 1044, 1695, 718, 506, 1349, 549, 404, 1758, 580, 1490, 1381, 638, 995, 74, 1074, 933, 368, 684, 1472, 3, 1411, 620, 407, 1489, 1582, 1399, 1294, 517, 419, 1618, 502, 944, 156, 870, 1663, 87, 1578, 481, 1700, 587, 1068, 1770, 501, 1755, 917, 1256, 1436, 1766, 1785, 1130, 1178, 868, 874, 782, 1613, 999, 616, 1694, 1612, 1405, 729, 677, 1662, 139, 1397, 461, 115, 330, 453, 323, 1006, 1357, 310, 1444, 1107, 436, 1163, 1493, 354, 1148, 1097, 702, 1408, 882, 630, 883, 602, 1442, 284, 303, 166, 752, 813, 338, 954, 1049, 17, 1160, 1772, 127, 1205, 1219, 821, 1328, 291, 733, 1784, 769, 1133, 1126, 1710, 695, 1025, 1401, 288, 375, 871, 805, 63, 852, 850, 679, 1242, 102, 98, 107, 426, 1647, 743, 1703, 1060, 699, 859, 209, 537, 339, 649, 1037, 893, 358, 1166, 794, 1338, 793, 622, 1568, 1014, 216, 134, 1705, 1105, 1500, 124, 939, 361, 173, 1660, 73, 956, 258, 746, 180, 1696, 1721, 775, 471, 274, 606, 1271, 383, 1204, 1762, 632, 768, 1316, 688, 1001, 1671, 1591, 766, 906, 12, 1093, 96, 395, 141, 1019, 1222, 767, 727, 1175, 448]
Essay ids in evaluation:
[352, 179, 1274, 498, 1474, 34, 1661, 550, 661, 196, 459, 1616, 88, 929, 1528, 757, 1052, 897, 992, 1032, 1051, 1781, 1217, 653, 948, 181, 1678, 1152, 29, 1532, 215, 1220, 1736, 1651, 1012, 58, 576, 1601, 1326, 1210, 969, 442, 617, 1393, 1600, 1592, 1211, 1331, 710, 658, 392, 374, 1780, 691, 413, 1487, 744, 723, 84, 1083, 1634, 845, 262, 1409, 1053, 363, 357, 275, 678, 371, 975, 575, 1569, 1410, 343, 1503, 1675, 1078, 1118, 619, 614, 1631, 505, 1353, 914, 1008, 594, 60, 212, 1275, 1378, 128, 349, 777, 1519, 1197, 1605, 1573, 1562, 1373, 1249, 1580, 1237, 641, 1138, 1120, 1125, 231, 1698, 1091, 1611, 1280, 233, 1510, 16, 1740, 665, 1075, 1759, 1015, 543, 282, 913, 1143, 51, 1278, 44, 1123, 1202, 267, 1581, 1691, 431, 1461, 961, 346, 486, 464, 1306, 640, 685, 1744, 776, 624, 458, 148, 932, 872, 355, 803, 429, 1406, 1398, 1099, 1233, 186, 1100, 1673, 103, 68, 52, 544, 71, 1776, 194, 1769, 1268, 1101, 332, 1514, 189, 1289, 625, 302, 30, 1179, 1375, 1751, 686, 412, 930, 811, 1374, 163, 266, 694, 1468, 507, 1109, 227, 1533, 964, 1380, 1658, 663, 1445, 900, 1538, 1351, 1098, 247, 1056, 1062, 1181, 889, 1656, 745, 1425, 201, 912, 347, 92, 1048, 161, 1059, 690, 190, 670, 320, 1561, 1386, 1383, 721, 770, 1132, 1576, 465, 639, 226, 1094, 1303, 885, 1022, 809, 613, 703, 101, 1009, 373, 726, 497, 359, 24, 203, 1604, 756, 667, 66, 1318, 869, 187, 244, 564, 1413, 1000, 1482, 69, 416, 1186, 314, 1664, 487, 666, 1690, 1317, 1749, 1760, 798, 1475, 1247, 1342, 513, 217, 1168, 1516, 1524, 281, 627, 826, 422, 674, 467, 664]
Essay ids in testing:
[1013, 945, 1187, 966, 1426, 711, 162, 142, 936, 909, 1218, 1402, 1184, 951, 1155, 1553, 460, 1102, 958, 1291, 520, 714, 692, 7, 1720, 1149, 1699, 1737, 557, 887, 560, 509, 1140, 1640, 1018, 1560, 234, 405, 881, 596, 1593, 515, 792, 747, 1588, 716, 345, 1354, 1711, 1129, 176, 81, 1546, 988, 1366, 1665, 1234, 1465, 1565, 299, 1645, 1481, 1558, 149, 1654, 541, 1055, 35, 260, 1518, 1666, 396, 516, 504, 153, 48, 985, 1418, 671, 54, 725, 1657, 119, 538, 895, 108, 125, 1617, 856, 1325, 263, 230, 817, 1111, 1642, 545, 77, 1586, 328, 1092, 1787, 1530, 15, 910, 311, 1783, 1779, 1004, 1730, 1174, 814, 478, 907, 941, 1327, 19, 635, 1403, 1492, 188, 884, 441, 989, 618, 1491, 908, 1352, 1261, 1189, 960, 136, 1332, 514, 523, 736, 1141, 567, 384, 644, 1537, 612, 1042, 470, 356, 446, 1265, 241, 183, 1548, 1119, 660, 304, 40, 1395, 1745, 1771, 571, 1463, 324, 762, 771, 1719, 255, 987, 1324, 6, 59, 250, 218, 1216, 1198, 300, 709, 1415, 921, 974, 1050, 748, 1689, 1146, 192, 1057, 1715, 1644, 535, 224, 411, 599, 997, 145, 1407, 1337, 763, 20, 1335, 1432, 55, 1498, 1554, 445, 1598, 381, 1144, 10, 468, 221, 578, 114, 1087, 1692, 1017, 83, 1390, 1384, 1379, 1061, 1549, 1227, 1266, 67, 86, 1525, 93, 1282, 1358, 123, 1158, 542, 1002, 1079, 1239, 533, 926, 1064, 18, 675, 1113, 532, 53, 417, 279, 1058, 1502, 1609, 519, 1086, 998, 938, 157, 1214, 160, 1672, 38, 1117, 943, 455, 1424, 252, 1151, 1659, 1016, 1089, 379, 1241, 529, 1641, 1029, 1215, 277, 476, 254, 847, 788, 1559, 1312, 492, 673, 443, 890, 272, 949, 1552, 350, 669, 1221, 5, 205, 600, 220, 566, 1196, 449, 924, 1300, 1456, 1464, 269, 335, 32, 1765, 652, 1739, 1104, 1623, 772, 1575, 1587, 715, 561, 584, 651, 1250, 968, 90, 1290, 832, 1299, 1301, 178, 1486, 734, 428, 1041, 570, 1259, 1090, 1136, 364, 490, 437, 521, 751, 1459, 804, 556, 1231, 172, 797, 393, 271, 228, 1466, 1451, 573, 1527, 1292, 831, 1473, 522, 980, 864, 1377, 1347, 193, 261, 973, 916]