ALLOW_SOFT_PLACEMENT=<absl.flags._flag.BooleanFlag object at 0x7f6b9c215908>
BATCH_SIZE=<absl.flags._flag.Flag object at 0x7f6b9c215278>
EMBEDDING_SIZE=<absl.flags._flag.Flag object at 0x7f6b9c2156d8>
EPOCHS=<absl.flags._flag.Flag object at 0x7f6b9c2155c0>
EPSILON=<absl.flags._flag.Flag object at 0x7f6bb3680588>
ESSAY_SET_ID=<absl.flags._flag.Flag object at 0x7f6b9c215748>
EVALUATION_INTERVAL=<absl.flags._flag.Flag object at 0x7f6b9c2151d0>
FEATURE_SIZE=<absl.flags._flag.Flag object at 0x7f6b9c215390>
GATED_ADDRESSING=<absl.flags._flag.BooleanFlag object at 0x7f6b9c215860>
HOPS=<absl.flags._flag.Flag object at 0x7f6b9c215550>
KEEP_PROB=<absl.flags._flag.Flag object at 0x7f6b9c215080>
L2_LAMBDA=<absl.flags._flag.Flag object at 0x7f6b9dcf3c50>
LEARNING_RATE=<absl.flags._flag.Flag object at 0x7f6b9c1f0f98>
LOG_DEVICE_PLACEMENT=<absl.flags._flag.BooleanFlag object at 0x7f6b9c2159b0>
MAX_GRAD_NORM=<absl.flags._flag.Flag object at 0x7f6b9c1f0f60>
NUM_SAMPLES=<absl.flags._flag.Flag object at 0x7f6b9c215400>
TOKEN_NUM=<absl.flags._flag.Flag object at 0x7f6b9c2157f0>
max_score is 12 	 min_score is 2 
max sentence size: 911 
mean sentence size: 392
The size of training data: 1132
The size of testing data: 357
The size of evaluation data: 283

Essay scores in memory:
[2, 3, 4, 5, 6, 7, 8, 9, 10, 11, 12]
Essay ids in memory:
[41, 22, 1253, 1513, 590, 382, 1346, 309, 1417, 919, 321]
Essay ids in training:
[1612, 530, 606, 952, 375, 1123, 267, 1761, 1499, 1115, 840, 854, 603, 1023, 425, 1001, 1037, 953, 1378, 1103, 1157, 999, 1515, 135, 1122, 1298, 1288, 1202, 1538, 1746, 233, 1510, 796, 1044, 327, 367, 933, 1786, 1401, 1500, 769, 339, 662, 1447, 1772, 1423, 1408, 1773, 899, 246, 1627, 893, 1063, 1658, 872, 707, 1648, 274, 456, 767, 730, 775, 1028, 972, 592, 956, 1714, 861, 1277, 482, 91, 1355, 1485, 674, 24, 1691, 1619, 1076, 457, 1677, 465, 1153, 965, 1173, 1096, 1756, 928, 905, 1048, 1193, 1516, 208, 1662, 318, 1316, 694, 752, 795, 1033, 1314, 1262, 705, 543, 813, 902, 1509, 1294, 777, 896, 154, 1626, 410, 151, 1749, 697, 11, 1604, 704, 723, 466, 546, 776, 282, 152, 76, 401, 1569, 170, 1753, 526, 785, 656, 838, 829, 1723, 1621, 485, 683, 1099, 786, 217, 302, 911, 580, 647, 1449, 433, 69, 685, 270, 1674, 257, 773, 207, 1297, 436, 1240, 116, 531, 1661, 1212, 385, 329, 1550, 1257, 1228, 979, 481, 850, 1199, 942, 1147, 144, 852, 262, 876, 1100, 1339, 1097, 800, 794, 489, 1315, 512, 1078, 922, 871, 1411, 331, 995, 703, 336, 1543, 1512, 222, 628, 421, 1664, 166, 475, 607, 1132, 191, 1405, 1603, 550, 120, 453, 931, 1577, 366, 1763, 1750, 1404, 517, 496, 341, 63, 1349, 549, 617, 1539, 780, 1778, 44, 1597, 1246, 286, 645, 1260, 1127, 659, 1668, 361, 837, 1348, 1163, 947, 735, 127, 598, 636, 21, 1056, 1065, 983, 1497, 1551, 78, 1754, 595, 1245, 213, 1741, 666, 828, 1244, 1471, 577, 679, 1594, 226, 879, 693, 235, 1351, 853, 1396, 1359, 917, 395, 227, 789, 939, 1160, 1694, 1035, 820, 1073, 219, 787, 275, 536, 1118, 1357, 555, 1728, 807, 959, 1067, 1360, 51, 700, 168, 641, 676, 1139, 1060, 1541, 148, 1070, 1388, 480, 1331, 823, 650, 130, 689, 96, 686, 25, 409, 139, 1026, 333, 1578, 403, 305, 1264, 833, 1270, 1725, 419, 359, 430, 342, 131, 1005, 243, 684, 1124, 1015, 1108, 312, 216, 256, 1693, 630, 731, 1606, 900, 8, 1039, 661, 1219, 764, 1370, 1148, 1172, 1394, 434, 1045, 1777, 1652, 1232, 28, 1223, 1566, 1700, 1688, 1168, 34, 1716, 307, 812, 1154, 1276, 614, 904, 1433, 368, 836, 80, 552, 1043, 1520, 420, 816, 1038, 670, 13, 1278, 175, 115, 766, 1706, 1564, 363, 1409, 293, 1419, 249, 857, 1729, 1709, 629, 317, 432, 1440, 1461, 757, 842, 72, 712, 1747, 1326, 1130, 992, 66, 1505, 74, 33, 1439, 770, 677, 1365, 237, 14, 657, 1289, 1733, 82, 1445, 811, 1431, 835, 1243, 615, 678, 1643, 202, 632, 638, 245, 1454, 102, 1434, 588, 1011, 1236, 1676, 1438, 1571, 586, 180, 562, 819, 663, 527, 1589, 1780, 499, 1252, 649, 334, 1574, 99, 1635, 371, 648, 340, 1420, 1091, 903, 986, 587, 1740, 1338, 1040, 486, 400, 559, 569, 513, 863, 1283, 870, 620, 429, 1368, 1752, 1376, 87, 88, 415, 646, 1361, 201, 1631, 885, 1110, 174, 1655, 932, 1557, 625, 1462, 389, 1579, 1561, 891, 1336, 806, 1372, 280, 141, 565, 316, 1698, 1760, 760, 458, 865, 1344, 1488, 1027, 897, 1031, 240, 223, 1145, 140, 1330, 563, 1269, 1350, 326, 1774, 231, 929, 1363, 996, 640, 1024, 266, 782, 1263, 1521, 1705, 1573, 358, 970, 799, 1342, 1766, 319, 413, 1775, 84, 352, 1367, 1610, 1179, 825, 132, 1248, 1256, 155, 1422, 378, 1287, 1547, 451, 940, 128, 918, 994, 147, 1443, 815, 1273, 444, 1616, 1430, 524, 1782, 1333, 124, 575, 1284, 1634, 1393, 134, 355, 1695, 1636, 768, 348, 206, 611, 627, 946, 1077, 901, 1735, 497, 1150, 1507, 225, 750, 1059, 31, 1032, 1701, 1303, 1738, 1225, 1639, 1576, 1201, 173, 1399, 1542, 197, 1328, 1082, 387, 1197, 1169, 1321, 1271, 435, 294, 746, 668, 1476, 791, 1385, 1480, 967, 844, 1722, 1519, 1209, 242, 755, 848, 357, 85, 883, 295, 754, 17, 695, 818, 778, 637, 1088, 1164, 1251, 1483, 1506, 377, 1625, 1286, 1051, 137, 244, 1121, 1534, 1054, 1186, 759, 30, 1134, 892, 810, 301, 706, 503, 1682, 1544, 105, 36, 146, 1238, 1317, 576, 880, 427, 1071, 583, 845, 867, 1081, 426, 781, 133, 855, 184, 464, 1012, 802, 1460, 1581, 882, 708, 42, 624, 414, 177, 1177, 473, 374, 314, 494, 376, 422, 98, 740, 73, 841, 1413, 1414, 273, 1781, 439, 1469, 232, 399, 925, 118, 330, 539, 1721, 179, 915, 346, 126, 1595, 1596, 1152, 1364, 964, 181, 1448, 534, 727, 1307, 1572, 1412, 296, 1101, 461, 1084, 1425, 390, 605, 1049, 483, 1450, 416, 37, 843, 1381, 1194, 1279, 537, 1247, 1120, 315, 1068, 1726, 463, 1489, 1205, 1494, 1133, 1383, 581, 79, 1490, 923, 622, 1210, 1736, 1083, 1467, 1441, 1618, 1744, 406, 386, 1313, 47, 873, 1203, 283, 1582, 1653, 195, 1585, 721, 373, 1453, 690, 1006, 1455, 698, 1427, 1380, 1776, 1392, 846, 722, 101, 190, 745, 809, 1195, 397, 1047, 868, 1320, 1755, 1638, 1452, 741, 1304, 1724, 1306, 1632, 1329, 1175, 291, 1382, 1159, 877, 251, 860, 1074, 765, 248, 1584, 498, 525, 215, 450, 1285, 171, 1600, 259, 589, 613, 858, 1185, 739, 1126, 52, 1, 189, 1254, 1353, 1398, 1356, 753, 268, 423, 4, 1230, 1680, 285, 1532, 654, 182, 1562, 159, 89, 1274, 369, 623, 984, 1696, 547, 452, 963, 1651, 874, 1046, 1727, 743, 1535, 1608, 729, 1258, 1391, 431, 957, 1345, 1570, 1712, 1602, 1731, 1009, 236, 388, 1008, 454, 1166, 1237, 1003, 1340, 1429, 292, 1679, 1341, 642, 1116, 720, 1468, 1517, 1646, 950, 1482, 194, 508, 1025, 1624, 699, 718, 878, 288, 808, 1093, 196, 70, 680, 744, 1106, 380, 1369, 1478, 1703, 391, 1472, 955, 438, 1181, 594, 477, 805, 1436, 1474, 156, 510, 1702, 1757, 198, 733, 1660, 1272, 608, 287, 948, 1580, 418, 1020, 297, 713, 1208, 407, 1162, 934, 726, 1670, 1211, 975, 758, 9, 1503, 1671, 1605, 229, 1204, 459, 710, 1075, 100, 888, 1442, 1080, 826, 104, 338, 27, 264, 239, 875, 211, 1784, 1295, 834, 75, 332, 284, 1590, 308, 681, 990, 784, 1457, 1220, 1400, 1528, 1531, 821, 665, 906, 448, 971, 1673, 1615, 851, 1213, 1718, 29, 362, 579, 1305, 1138, 604, 1094, 402, 1479, 158, 969, 621, 1114, 1508, 113, 323, 1526, 568, 95, 962, 728, 1759, 1743, 3, 2, 281, 65, 1165, 914, 830, 39, 1007, 1748, 935, 993, 591, 601, 1302, 783, 927, 1475, 1030, 954, 1613, 1751, 16, 719, 1663, 1470, 913, 1444, 658, 58, 1191, 518, 1540, 553, 45, 976, 1496, 408, 49, 1667, 803, 738, 1397, 289, 682, 265, 564, 1768, 12, 1762, 616, 1416, 493, 827, 1224, 582, 412, 1255, 68, 1629, 487, 1769, 43, 1323, 801, 1683, 898, 1371, 322, 732, 688, 1734, 664, 1421, 619, 1529, 1563, 574, 1200, 585, 471, 349, 1650, 310, 442, 1112, 961, 1267, 859, 1710, 639, 1109, 1493, 572]
Essay ids in evaluation:
[593, 383, 278, 1555, 26, 372, 540, 1036, 214, 1435, 1182, 1167, 1713, 1633, 798, 869, 258, 631, 484, 1406, 50, 1708, 1732, 1085, 474, 306, 554, 209, 1311, 672, 1504, 247, 1281, 1176, 507, 103, 447, 1684, 56, 1137, 469, 1310, 643, 1410, 1268, 186, 1758, 1069, 1066, 756, 424, 634, 1142, 1770, 60, 1556, 1620, 1022, 839, 1362, 1767, 392, 325, 164, 472, 1484, 1280, 1128, 1669, 790, 1374, 212, 774, 1190, 106, 824, 1375, 204, 1785, 117, 653, 491, 1611, 1656, 558, 944, 982, 253, 46, 822, 505, 1628, 394, 742, 1386, 1343, 1192, 1599, 112, 353, 203, 1034, 129, 1477, 1690, 981, 1524, 1495, 57, 889, 1614, 667, 511, 298, 1511, 1206, 1053, 404, 109, 1697, 143, 761, 303, 1318, 1171, 1630, 724, 696, 1143, 199, 749, 163, 200, 1522, 626, 1180, 551, 1296, 1207, 977, 1637, 991, 398, 121, 1487, 64, 238, 978, 71, 1742, 23, 1334, 1678, 1062, 111, 1514, 502, 1591, 1226, 122, 462, 1437, 161, 347, 1675, 886, 1568, 488, 737, 506, 920, 365, 1135, 1309, 1183, 94, 1242, 1686, 1545, 597, 1125, 351, 1217, 1647, 1019, 92, 1707, 1178, 1685, 1649, 1764, 1319, 1095, 165, 912, 655, 1583, 779, 1021, 548, 187, 1446, 185, 1607, 544, 500, 276, 1010, 1387, 501, 167, 290, 1389, 937, 169, 110, 1308, 1717, 610, 1536, 849, 62, 337, 1428, 467, 1687, 343, 930, 894, 138, 528, 1373, 1567, 495, 150, 1222, 1052, 687, 1322, 1170, 360, 1233, 1156, 1458, 1275, 1293, 1107, 1105, 602, 354, 1098, 691, 1533, 320, 633, 1014, 210, 370, 717, 1501, 479, 61, 1704, 1000, 1601, 1622, 609, 866, 702, 1072, 440, 701, 1161, 97, 107, 862, 1592, 793, 1188, 1681, 1249, 1229, 1523]
Essay ids in testing:
[1013, 945, 1187, 966, 1426, 711, 162, 142, 936, 909, 1218, 1402, 1184, 951, 1155, 1553, 460, 1102, 958, 1291, 520, 714, 692, 7, 1720, 1149, 1699, 1737, 557, 887, 560, 509, 1140, 1640, 1018, 1560, 234, 405, 881, 596, 1593, 515, 792, 747, 1588, 716, 345, 1354, 1711, 1129, 176, 81, 1546, 988, 1366, 1665, 1234, 1465, 1565, 299, 1645, 1481, 1558, 149, 1654, 541, 1055, 35, 260, 1518, 1666, 396, 516, 504, 153, 48, 985, 1418, 671, 54, 725, 1657, 119, 538, 895, 108, 125, 1617, 856, 1325, 263, 230, 817, 1111, 1642, 545, 77, 1586, 328, 1092, 1787, 1530, 15, 910, 311, 1783, 1779, 1004, 1730, 1174, 814, 478, 907, 941, 1327, 19, 635, 1403, 1492, 188, 884, 441, 989, 618, 1491, 908, 1352, 1261, 1189, 960, 136, 1332, 514, 523, 736, 1141, 567, 384, 644, 1537, 612, 1042, 470, 356, 446, 1265, 241, 183, 1548, 1119, 660, 304, 40, 1395, 1745, 1771, 571, 1463, 324, 762, 771, 1719, 255, 987, 1324, 6, 59, 250, 218, 1216, 1198, 300, 709, 1415, 921, 974, 1050, 748, 1689, 1146, 192, 1057, 1715, 1644, 535, 224, 411, 599, 997, 145, 1407, 1337, 763, 20, 1335, 1432, 55, 1498, 1554, 445, 1598, 381, 1144, 10, 468, 221, 578, 114, 1087, 1692, 1017, 83, 1390, 1384, 1379, 1061, 1549, 1227, 1266, 67, 86, 1525, 93, 1282, 1358, 123, 1158, 542, 1002, 1079, 1239, 533, 926, 1064, 18, 675, 1113, 532, 53, 417, 279, 1058, 1502, 1609, 519, 1086, 998, 938, 157, 1214, 160, 1672, 38, 1117, 943, 455, 1424, 252, 1151, 1659, 1016, 1089, 379, 1241, 529, 1641, 1029, 1215, 277, 476, 254, 847, 788, 1559, 1312, 492, 673, 443, 890, 272, 949, 1552, 350, 669, 1221, 5, 205, 600, 220, 566, 1196, 449, 924, 1300, 1456, 1464, 269, 335, 32, 1765, 652, 1739, 1104, 1623, 772, 1575, 1587, 715, 561, 584, 651, 1250, 968, 90, 1290, 832, 1299, 1301, 178, 1486, 734, 428, 1041, 570, 1259, 1090, 1136, 364, 490, 437, 521, 751, 1459, 804, 556, 1231, 172, 797, 393, 271, 228, 1466, 1451, 573, 1527, 1292, 831, 1473, 522, 980, 864, 1377, 1347, 193, 261, 973, 916]