ALLOW_SOFT_PLACEMENT=<absl.flags._flag.BooleanFlag object at 0x7f6aac6fcc50>
BATCH_SIZE=<absl.flags._flag.Flag object at 0x7f6aac6fc668>
EMBEDDING_SIZE=<absl.flags._flag.Flag object at 0x7f6aac6fc9b0>
EPOCHS=<absl.flags._flag.Flag object at 0x7f6aac6fc908>
EPSILON=<absl.flags._flag.Flag object at 0x7f6ac3b8e5f8>
ESSAY_SET_ID=<absl.flags._flag.Flag object at 0x7f6aac6fca58>
EVALUATION_INTERVAL=<absl.flags._flag.Flag object at 0x7f6aac6fc630>
FEATURE_SIZE=<absl.flags._flag.Flag object at 0x7f6aac6fc780>
GATED_ADDRESSING=<absl.flags._flag.BooleanFlag object at 0x7f6aac6fcb38>
HOPS=<absl.flags._flag.Flag object at 0x7f6aac6fc860>
KEEP_PROB=<absl.flags._flag.Flag object at 0x7f6aac6fc4e0>
L2_LAMBDA=<absl.flags._flag.Flag object at 0x7f6aae201c50>
LEARNING_RATE=<absl.flags._flag.Flag object at 0x7f6aac6fc320>
LOG_DEVICE_PLACEMENT=<absl.flags._flag.BooleanFlag object at 0x7f6aac6fccc0>
MAX_GRAD_NORM=<absl.flags._flag.Flag object at 0x7f6aac6fc470>
NUM_SAMPLES=<absl.flags._flag.Flag object at 0x7f6aac6fc7b8>
TOKEN_NUM=<absl.flags._flag.Flag object at 0x7f6aac6fcb00>
max_score is 12 	 min_score is 2 
max sentence size: 911 
mean sentence size: 392
The size of training data: 1132
The size of testing data: 357
The size of evaluation data: 283

Essay scores in memory:
[2, 3, 4, 5, 6, 7, 8, 9, 10, 11, 12]
Essay ids in memory:
[41, 22, 1253, 1513, 590, 382, 1346, 309, 1417, 919, 321]
Essay ids in training:
[546, 701, 1311, 862, 1400, 1209, 1440, 552, 1128, 1614, 594, 1542, 886, 1172, 1747, 614, 765, 898, 1251, 1176, 1371, 92, 171, 1658, 1362, 1510, 406, 743, 95, 177, 294, 209, 826, 412, 1622, 815, 1470, 1288, 880, 1581, 1286, 1213, 1750, 1056, 102, 835, 429, 120, 1365, 1522, 1182, 1033, 901, 1763, 1778, 1437, 1734, 327, 915, 1571, 1634, 1028, 1573, 976, 1630, 1770, 474, 166, 182, 615, 875, 72, 1495, 117, 1038, 450, 200, 37, 1130, 288, 164, 773, 1531, 1294, 1446, 1416, 1462, 876, 1232, 1006, 385, 1375, 469, 1722, 1441, 708, 695, 312, 1648, 1031, 347, 458, 1082, 554, 179, 1078, 625, 678, 467, 683, 965, 911, 784, 150, 1678, 1095, 934, 740, 415, 628, 1557, 1190, 617, 1547, 1414, 975, 824, 697, 1343, 1671, 665, 50, 1051, 1080, 955, 1107, 290, 1181, 1526, 1101, 912, 1707, 1159, 581, 361, 233, 994, 1396, 365, 156, 1507, 308, 1249, 204, 1447, 636, 257, 1110, 1655, 1019, 459, 453, 440, 1411, 326, 703, 914, 1656, 1756, 1563, 1569, 1020, 25, 1048, 1233, 1410, 1302, 372, 1223, 1555, 303, 575, 925, 1345, 1551, 1205, 1620, 1257, 563, 13, 707, 718, 661, 1686, 991, 964, 482, 1759, 1175, 1772, 64, 1409, 1487, 543, 317, 298, 1413, 314, 106, 1728, 1724, 990, 306, 776, 1727, 889, 950, 1383, 825, 323, 1026, 928, 377, 480, 642, 464, 935, 301, 1243, 1528, 638, 1011, 194, 1683, 674, 481, 1014, 1668, 867, 463, 184, 369, 1274, 1701, 383, 448, 524, 404, 334, 1564, 809, 1032, 43, 643, 496, 1406, 1629, 1484, 1412, 430, 834, 1607, 786, 1776, 1389, 1499, 1539, 1643, 289, 216, 3, 956, 568, 487, 603, 318, 1284, 1258, 414, 855, 1706, 1602, 1567, 1269, 735, 1355, 1420, 629, 1741, 838, 403, 421, 913, 969, 996, 549, 210, 1139, 355, 63, 127, 1007, 893, 1647, 342, 1519, 1336, 640, 484, 1036, 262, 1684, 351, 724, 1721, 1784, 1342, 1589, 1455, 1653, 656, 493, 787, 23, 1027, 135, 137, 1161, 744, 116, 1523, 917, 846, 105, 1580, 433, 1067, 685, 268, 370, 1669, 199, 237, 213, 1109, 34, 760, 704, 837, 1595, 1731, 531, 284, 885, 780, 828, 447, 1500, 558, 589, 1768, 721, 1323, 85, 1723, 87, 186, 829, 655, 1670, 686, 789, 503, 932, 1382, 147, 1319, 602, 1093, 244, 820, 551, 58, 1339, 68, 630, 1674, 1476, 1135, 498, 1512, 518, 1592, 223, 666, 49, 16, 1612, 650, 756, 623, 947, 1349, 1477, 766, 305, 1639, 677, 1126, 229, 394, 1305, 781, 979, 391, 158, 359, 1010, 1, 767, 664, 1766, 331, 796, 676, 1545, 962, 1425, 1001, 1005, 426, 710, 1043, 1230, 1746, 1022, 682, 1714, 1524, 1757, 1167, 1661, 777, 1550, 758, 291, 920, 82, 878, 1460, 187, 517, 540, 1760, 1764, 107, 202, 833, 680, 1732, 206, 1076, 1304, 1360, 1785, 1726, 1751, 580, 1185, 812, 329, 609, 1192, 374, 585, 1430, 1594, 267, 1401, 1309, 1063, 1601, 9, 143, 1046, 88, 1268, 1329, 1478, 79, 366, 819, 367, 130, 12, 995, 472, 957, 297, 1452, 1369, 486, 1708, 593, 574, 793, 505, 1297, 1541, 1143, 1767, 1003, 569, 1649, 238, 62, 444, 1611, 971, 235, 601, 782, 1576, 242, 1138, 100, 1094, 606, 1025, 1363, 843, 231, 800, 348, 604, 78, 1075, 1501, 681, 757, 1540, 1106, 1453, 1511, 830, 1408, 1636, 883, 1328, 1049, 647, 1071, 852, 1222, 794, 1293, 485, 1627, 1157, 155, 337, 39, 292, 632, 1729, 1529, 1421, 1103, 1326, 582, 1353, 392, 1709, 1179, 1320, 1275, 1273, 1162, 170, 1091, 1330, 1631, 1516, 1097, 1121, 407, 851, 607, 1742, 1579, 1263, 547, 896, 1497, 36, 1228, 1073, 1280, 1147, 1606, 741, 219, 1285, 243, 1133, 1186, 1338, 1197, 338, 1532, 1508, 706, 1397, 1610, 1638, 466, 813, 1591, 527, 1177, 1696, 939, 733, 982, 506, 1084, 1733, 341, 1248, 1281, 1703, 96, 1422, 1021, 739, 512, 352, 859, 759, 1171, 389, 1210, 1754, 848, 1454, 1125, 729, 1677, 631, 1433, 1204, 159, 287, 1435, 1226, 693, 1605, 1303, 785, 286, 705, 754, 1322, 944, 388, 416, 1749, 1718, 439, 779, 215, 73, 1494, 1245, 1780, 281, 1399, 1391, 983, 670, 1008, 672, 280, 1394, 1039, 1458, 513, 818, 1572, 140, 977, 71, 489, 1127, 1738, 1154, 1372, 844, 1145, 217, 1471, 1544, 1777, 774, 790, 853, 1132, 627, 1225, 325, 378, 14, 104, 495, 637, 190, 1782, 1472, 872, 302, 1065, 1713, 1180, 775, 713, 528, 29, 1673, 999, 1202, 1443, 511, 1480, 387, 174, 750, 1220, 1085, 595, 897, 1660, 583, 65, 226, 1009, 1702, 1615, 619, 408, 185, 1252, 586, 1585, 1068, 101, 401, 933, 427, 1468, 1316, 1467, 719, 1712, 854, 500, 688, 745, 873, 131, 1271, 577, 1662, 663, 1208, 1599, 1060, 803, 1681, 722, 1428, 931, 1534, 778, 1207, 1568, 861, 168, 930, 418, 17, 1682, 456, 961, 791, 1317, 658, 621, 494, 1504, 526, 534, 1664, 728, 1083, 562, 1381, 46, 952, 1378, 343, 296, 795, 1193, 1307, 1474, 167, 1340, 761, 892, 1077, 1493, 122, 1786, 1697, 1423, 320, 1506, 798, 1717, 409, 1744, 80, 126, 1108, 1632, 1306, 967, 537, 332, 1183, 783, 310, 841, 84, 386, 432, 1398, 1536, 1105, 141, 1074, 712, 1045, 553, 1633, 726, 1361, 477, 26, 111, 471, 687, 507, 1503, 1256, 452, 161, 282, 1099, 24, 225, 1690, 1035, 1236, 755, 1152, 1044, 953, 737, 717, 1040, 572, 808, 1427, 1386, 249, 1148, 1450, 1169, 902, 738, 620, 1313, 874, 597, 1237, 1618, 1442, 1244, 340, 954, 752, 422, 99, 208, 1164, 1206, 420, 1753, 265, 544, 1134, 69, 189, 645, 276, 1260, 1475, 1439, 397, 1736, 316, 1012, 211, 1743, 1688, 742, 648, 993, 1069, 1628, 579, 258, 1203, 1015, 491, 1405, 1321, 1685, 1521, 1188, 1775, 27, 454, 203, 402, 1201, 465, 1434, 1224, 293, 173, 891, 390, 42, 1445, 1448, 165, 811, 256, 1357, 1505, 413, 245, 1695, 900, 1122, 1429, 139, 358, 1651, 1376, 1716, 442, 425, 1515, 47, 1255, 1238, 52, 1023, 259, 1276, 641, 113, 550, 1359, 266, 30, 368, 1195, 1680, 457, 112, 690, 827, 649, 74, 806, 1289, 1388, 1298, 11, 336, 115, 44, 899, 1461, 434, 451, 1199, 1114, 462, 1153, 1646, 148, 1704, 894, 424, 339, 940, 1740, 857, 307, 1314, 807, 591, 488, 134, 1625, 868, 175, 860, 1769, 232, 937, 353, 576, 315, 1059, 1616, 1705, 1364, 816, 56, 57, 333, 1170, 1240, 845, 1479, 906, 1219, 653, 33, 1574, 191, 1262, 1597, 799, 330, 1762, 399, 1562, 371, 295, 103, 536, 1348, 278, 373, 169, 702, 473, 1156, 1488, 927, 1556, 942, 1150, 1123, 212, 501, 109, 870, 1270, 1604, 151, 1115, 110, 70, 253, 727, 97, 1194, 129, 1137, 1310, 195, 1385, 1030, 1367, 1752, 1710, 240, 146, 198, 923, 438, 1691, 1687, 1334, 1438, 1100, 1675, 986, 479, 1168, 510, 1344, 639, 75, 592, 1088, 863, 4, 1229, 354, 1584, 1287, 1279, 322]
Essay ids in evaluation:
[842, 1267, 903, 1356, 201, 375, 694, 1387, 118, 598, 1517, 181, 1566, 970, 769, 1483, 28, 1054, 89, 525, 1142, 1212, 1163, 1626, 1166, 1693, 133, 227, 963, 1583, 1514, 1469, 871, 1761, 197, 1543, 1246, 380, 659, 419, 1254, 1758, 1624, 61, 1308, 633, 264, 1509, 657, 1489, 1679, 588, 626, 1118, 753, 1098, 1676, 357, 1533, 559, 1350, 720, 319, 978, 946, 1520, 363, 1578, 1667, 948, 1160, 746, 770, 1333, 1603, 1561, 564, 869, 346, 616, 1482, 1370, 1211, 1582, 45, 1283, 1755, 866, 610, 1351, 1191, 565, 1735, 689, 423, 1081, 236, 865, 1034, 222, 1120, 1272, 959, 207, 1404, 214, 1066, 836, 196, 1053, 684, 1490, 1577, 1331, 667, 1037, 1200, 246, 247, 121, 1242, 483, 1380, 1264, 850, 1047, 1296, 1112, 700, 587, 475, 530, 1373, 905, 1774, 154, 152, 1419, 274, 1277, 1165, 691, 461, 879, 21, 1295, 1570, 1485, 1781, 1663, 821, 918, 732, 668, 877, 435, 376, 1173, 622, 1635, 992, 1694, 662, 91, 76, 922, 1596, 611, 1124, 749, 1116, 679, 1619, 839, 163, 981, 1096, 248, 555, 1725, 180, 124, 840, 1535, 613, 1590, 888, 634, 1368, 283, 1341, 608, 98, 132, 805, 539, 66, 1538, 51, 2, 699, 823, 1247, 94, 646, 251, 723, 508, 1449, 802, 1393, 349, 1178, 730, 1457, 548, 1496, 8, 698, 1637, 731, 1278, 764, 1773, 849, 239, 822, 904, 144, 624, 654, 984, 605, 1062, 801, 410, 696, 1315, 1652, 360, 273, 1431, 1072, 398, 362, 31, 497, 285, 1374, 882, 1024, 1052, 1748, 400, 138, 1000, 128, 499, 1318, 972, 1700, 1444, 395, 1070, 270, 436, 275, 929, 1608, 431, 1650, 60, 1613, 1436, 1621, 810, 1698, 1392, 502, 1600, 1217, 858, 768]
Essay ids in testing:
[1013, 945, 1187, 966, 1426, 711, 162, 142, 936, 909, 1218, 1402, 1184, 951, 1155, 1553, 460, 1102, 958, 1291, 520, 714, 692, 7, 1720, 1149, 1699, 1737, 557, 887, 560, 509, 1140, 1640, 1018, 1560, 234, 405, 881, 596, 1593, 515, 792, 747, 1588, 716, 345, 1354, 1711, 1129, 176, 81, 1546, 988, 1366, 1665, 1234, 1465, 1565, 299, 1645, 1481, 1558, 149, 1654, 541, 1055, 35, 260, 1518, 1666, 396, 516, 504, 153, 48, 985, 1418, 671, 54, 725, 1657, 119, 538, 895, 108, 125, 1617, 856, 1325, 263, 230, 817, 1111, 1642, 545, 77, 1586, 328, 1092, 1787, 1530, 15, 910, 311, 1783, 1779, 1004, 1730, 1174, 814, 478, 907, 941, 1327, 19, 635, 1403, 1492, 188, 884, 441, 989, 618, 1491, 908, 1352, 1261, 1189, 960, 136, 1332, 514, 523, 736, 1141, 567, 384, 644, 1537, 612, 1042, 470, 356, 446, 1265, 241, 183, 1548, 1119, 660, 304, 40, 1395, 1745, 1771, 571, 1463, 324, 762, 771, 1719, 255, 987, 1324, 6, 59, 250, 218, 1216, 1198, 300, 709, 1415, 921, 974, 1050, 748, 1689, 1146, 192, 1057, 1715, 1644, 535, 224, 411, 599, 997, 145, 1407, 1337, 763, 20, 1335, 1432, 55, 1498, 1554, 445, 1598, 381, 1144, 10, 468, 221, 578, 114, 1087, 1692, 1017, 83, 1390, 1384, 1379, 1061, 1549, 1227, 1266, 67, 86, 1525, 93, 1282, 1358, 123, 1158, 542, 1002, 1079, 1239, 533, 926, 1064, 18, 675, 1113, 532, 53, 417, 279, 1058, 1502, 1609, 519, 1086, 998, 938, 157, 1214, 160, 1672, 38, 1117, 943, 455, 1424, 252, 1151, 1659, 1016, 1089, 379, 1241, 529, 1641, 1029, 1215, 277, 476, 254, 847, 788, 1559, 1312, 492, 673, 443, 890, 272, 949, 1552, 350, 669, 1221, 5, 205, 600, 220, 566, 1196, 449, 924, 1300, 1456, 1464, 269, 335, 32, 1765, 652, 1739, 1104, 1623, 772, 1575, 1587, 715, 561, 584, 651, 1250, 968, 90, 1290, 832, 1299, 1301, 178, 1486, 734, 428, 1041, 570, 1259, 1090, 1136, 364, 490, 437, 521, 751, 1459, 804, 556, 1231, 172, 797, 393, 271, 228, 1466, 1451, 573, 1527, 1292, 831, 1473, 522, 980, 864, 1377, 1347, 193, 261, 973, 916]