ALLOW_SOFT_PLACEMENT=<absl.flags._flag.BooleanFlag object at 0x7f3d2c5de4a8>
BATCH_SIZE=<absl.flags._flag.Flag object at 0x7f3d2c5d7eb8>
EMBEDDING_SIZE=<absl.flags._flag.Flag object at 0x7f3d2c5de240>
EPOCHS=<absl.flags._flag.Flag object at 0x7f3d2c5de198>
EPSILON=<absl.flags._flag.Flag object at 0x7f3d41f63550>
ESSAY_SET_ID=<absl.flags._flag.Flag object at 0x7f3d2c5de2e8>
EVALUATION_INTERVAL=<absl.flags._flag.Flag object at 0x7f3d2c5d7e10>
FEATURE_SIZE=<absl.flags._flag.Flag object at 0x7f3d2c5d7f60>
GATED_ADDRESSING=<absl.flags._flag.BooleanFlag object at 0x7f3d2c5de3c8>
HOPS=<absl.flags._flag.Flag object at 0x7f3d2c5de0f0>
KEEP_PROB=<absl.flags._flag.Flag object at 0x7f3d2c5d7d30>
L2_LAMBDA=<absl.flags._flag.Flag object at 0x7f3d2c5d7b38>
LEARNING_RATE=<absl.flags._flag.Flag object at 0x7f3d2c5d7be0>
LOG_DEVICE_PLACEMENT=<absl.flags._flag.BooleanFlag object at 0x7f3d2c5de518>
MAX_GRAD_NORM=<absl.flags._flag.Flag object at 0x7f3d2c5d7c88>
NUM_SAMPLES=<absl.flags._flag.Flag object at 0x7f3d2c5de048>
TOKEN_NUM=<absl.flags._flag.Flag object at 0x7f3d2c5de390>
max_score is 12 	 min_score is 2 
max sentence size: 911 
mean sentence size: 392
The size of training data: 1132
The size of testing data: 357
The size of evaluation data: 283

Essay scores in memory:
[2, 3, 4, 5, 6, 7, 8, 9, 10, 11, 12]
Essay ids in memory:
[41, 22, 1253, 1513, 590, 382, 1346, 309, 1417, 919, 321]
Essay ids in training:
[101, 435, 622, 775, 1285, 1038, 1687, 585, 225, 209, 1371, 1031, 1276, 284, 990, 148, 1122, 508, 14, 833, 180, 547, 1600, 454, 577, 1543, 1476, 727, 1714, 1345, 944, 1169, 527, 465, 1166, 130, 1741, 73, 942, 805, 9, 1435, 1698, 74, 1472, 343, 132, 863, 124, 61, 489, 794, 485, 743, 21, 799, 1340, 491, 1650, 1372, 1738, 1784, 759, 636, 1339, 1394, 1506, 1759, 1082, 287, 729, 88, 1361, 206, 1722, 1670, 1514, 999, 412, 358, 398, 1772, 703, 755, 451, 614, 646, 801, 258, 1197, 372, 1475, 638, 873, 898, 1267, 1028, 1207, 1167, 1160, 201, 457, 1181, 962, 181, 777, 352, 825, 686, 768, 1457, 839, 602, 200, 1268, 453, 555, 1161, 29, 330, 732, 800, 617, 264, 1373, 1511, 239, 235, 66, 1438, 1219, 170, 1075, 404, 580, 70, 1252, 211, 1204, 1014, 1396, 392, 118, 1740, 185, 298, 1773, 798, 1040, 654, 1284, 1, 60, 1599, 741, 539, 1317, 588, 1168, 496, 1485, 3, 928, 756, 390, 134, 44, 1658, 902, 911, 753, 276, 1063, 1723, 731, 707, 479, 840, 1750, 1217, 1125, 1049, 738, 1686, 1563, 1635, 621, 1581, 197, 377, 900, 103, 439, 399, 329, 1108, 551, 970, 1357, 351, 609, 280, 1213, 448, 744, 319, 784, 1392, 1153, 526, 1701, 259, 1246, 740, 866, 105, 1025, 776, 312, 952, 1605, 823, 1713, 1054, 959, 150, 1304, 947, 1763, 1056, 1557, 1011, 386, 934, 984, 68, 1387, 803, 92, 194, 155, 953, 1628, 1606, 1441, 978, 1375, 1313, 531, 359, 1321, 167, 758, 540, 1179, 1163, 1019, 1288, 549, 1690, 72, 981, 152, 1370, 1109, 414, 376, 395, 1574, 501, 62, 223, 36, 1148, 931, 1343, 875, 1420, 456, 1101, 1172, 214, 717, 464, 702, 472, 1734, 154, 1281, 1616, 633, 202, 432, 231, 1060, 601, 317, 923, 906, 708, 1564, 1458, 1279, 653, 995, 637, 525, 1566, 1533, 1190, 848, 1173, 1230, 416, 1315, 996, 1193, 121, 248, 50, 1330, 1412, 1775, 666, 963, 688, 169, 1323, 1162, 1691, 1338, 628, 1767, 466, 1186, 1725, 58, 1540, 76, 1020, 1110, 821, 1175, 1203, 1571, 1653, 1508, 562, 1205, 918, 79, 348, 721, 1662, 362, 662, 1584, 1035, 141, 858, 1708, 26, 1318, 739, 355, 886, 281, 1220, 1353, 212, 430, 1487, 1421, 1580, 339, 830, 1406, 426, 1724, 861, 349, 1436, 1728, 163, 889, 247, 1510, 1068, 89, 754, 1363, 126, 115, 1362, 475, 1602, 325, 129, 1556, 925, 1381, 2, 1084, 1367, 1550, 572, 1751, 1712, 583, 695, 1211, 1766, 1249, 1595, 718, 698, 1093, 1374, 1296, 705, 1539, 773, 174, 378, 283, 1380, 824, 608, 1674, 1349, 1786, 1524, 955, 1033, 661, 694, 1199, 767, 1778, 1106, 720, 297, 1660, 216, 165, 546, 806, 1143, 1334, 303, 56, 459, 1405, 1425, 726, 914, 69, 1427, 1632, 745, 563, 957, 1696, 1434, 1165, 43, 158, 948, 288, 1596, 1535, 586, 677, 650, 693, 1012, 1147, 244, 334, 471, 510, 331, 1630, 1780, 1003, 765, 1088, 16, 401, 983, 631, 477, 634, 524, 63, 781, 1046, 1408, 1206, 1578, 318, 750, 190, 1496, 1348, 363, 429, 1070, 406, 1244, 1260, 161, 1208, 965, 1201, 879, 33, 438, 1170, 867, 994, 1489, 215, 367, 1397, 954, 1142, 1760, 452, 1128, 1490, 1636, 402, 837, 1633, 116, 1270, 380, 710, 1622, 1462, 1460, 956, 1085, 610, 1422, 1081, 497, 1484, 207, 1333, 238, 1021, 1311, 791, 397, 12, 1726, 128, 1263, 505, 1634, 854, 615, 1237, 1295, 630, 1478, 667, 1280, 880, 1497, 213, 1051, 1651, 1761, 1222, 308, 52, 410, 461, 1076, 733, 1072, 683, 1341, 1614, 1006, 761, 1746, 1526, 885, 1223, 102, 403, 569, 1611, 1664, 1185, 735, 860, 1030, 408, 1756, 131, 1529, 23, 488, 184, 752, 1256, 982, 498, 1037, 826, 807, 98, 1688, 625, 267, 483, 1359, 552, 1413, 534, 275, 262, 589, 1410, 868, 876, 168, 30, 409, 1365, 1264, 1065, 597, 1278, 481, 1039, 699, 620, 233, 236, 1488, 1705, 1096, 950, 913, 422, 425, 290, 257, 1608, 107, 819, 1289, 986, 156, 486, 1305, 1248, 1138, 1504, 1191, 558, 789, 251, 575, 1507, 1717, 1071, 639, 208, 1454, 993, 1445, 361, 421, 1515, 1210, 975, 1120, 1782, 897, 1570, 291, 1544, 1382, 46, 1444, 1182, 1007, 598, 1521, 1271, 1470, 100, 1398, 992, 811, 315, 749, 500, 217, 1591, 779, 1680, 1350, 11, 1307, 550, 1428, 39, 1183, 1302, 243, 440, 1501, 1118, 656, 704, 210, 203, 1091, 1416, 850, 1243, 1610, 400, 87, 326, 1273, 1164, 78, 1157, 1228, 1275, 499, 322, 289, 605, 175, 894, 649, 730, 1133, 1383, 1123, 1621, 1022, 1262, 222, 177, 113, 991, 1240, 544, 1755, 1320, 972, 84, 967, 1097, 1010, 1145, 1704, 1707, 1764, 1329, 1757, 1770, 946, 1590, 1652, 676, 135, 1562, 613, 45, 1126, 1034, 1277, 1171, 1624, 1242, 1637, 665, 757, 690, 1776, 785, 845, 1152, 1727, 1663, 1194, 369, 240, 1044, 1446, 691, 1449, 672, 503, 389, 607, 595, 1583, 1742, 883, 783, 1385, 320, 1225, 1192, 1188, 1479, 1423, 1769, 659, 332, 1597, 171, 143, 473, 1404, 1555, 1027, 27, 1706, 1139, 1209, 42, 1297, 843, 273, 1095, 104, 1710, 512, 961, 774, 144, 1036, 1009, 1536, 307, 899, 347, 1134, 474, 484, 1744, 340, 166, 581, 746, 930, 1130, 1545, 1258, 37, 870, 1542, 687, 1247, 1411, 1008, 354, 1576, 99, 655, 310, 199, 559, 1440, 1604, 1495, 1195, 616, 933, 469, 327, 681, 1768, 1452, 463, 342, 1229, 722, 295, 1612, 668, 657, 780, 1678, 1736, 371, 146, 1443, 1355, 1180, 903, 1127, 1625, 827, 877, 1322, 859, 28, 574, 1601, 632, 274, 1639, 1336, 969, 901, 385, 1648, 1368, 1749, 1747, 65, 640, 1107, 1500, 917, 537, 835, 1615, 696, 582, 336, 697, 122, 1709, 1638, 64, 685, 467, 137, 1000, 1647, 643, 518, 1721, 1669, 1048, 770, 937, 1467, 1754, 1538, 611, 237, 1401, 1331, 816, 365, 415, 4, 1094, 1731, 1298, 878, 604, 1675, 1643, 436, 1176, 1342, 1531, 1551, 189, 626, 1748, 1631, 502, 246, 1679, 808, 976, 822, 1646, 447, 591, 1477, 782, 1516, 434, 679, 229, 1482, 1656, 1389, 623, 742, 1589, 1469, 1052, 1569, 338, 423, 1480, 766, 420, 1069, 619, 891, 302, 896, 1399, 1414, 458, 790, 678, 664, 1700, 1534, 80, 17, 1655, 375, 242, 1043, 1098, 642, 568, 579, 1066, 1251, 301, 418, 1752, 849, 341, 865, 1344, 1419, 964, 939, 1579, 1409, 1103, 1718, 1561, 34, 857, 1100, 388, 370, 812, 1522, 1287, 1528, 795, 1356, 1001, 1137, 1512, 419, 1024, 565, 1116, 374, 266, 593, 1509, 25, 1519, 627, 1693, 893, 855, 1272, 268, 1568, 407, 682, 645, 1274, 1567, 1326, 592, 1309, 820, 1681, 1626, 1777, 127, 117, 286, 1774, 764, 204, 793, 1294, 1667, 564, 179, 256, 1431, 1682, 1083, 24, 383, 219, 1303, 871, 357, 1053, 323, 700, 1453, 387, 713, 1649, 915, 366, 1293, 1393, 1448, 543, 1314, 1386, 1668, 1661, 809, 1124]
Essay ids in evaluation:
[706, 1594, 97, 94, 75, 1592, 1269, 719, 1364, 810, 1328, 1619, 120, 1067, 1781, 133, 737, 1159, 1177, 528, 1178, 530, 431, 648, 787, 724, 892, 1156, 1306, 624, 1753, 1474, 1620, 1483, 8, 517, 786, 112, 57, 494, 1400, 1154, 191, 373, 1388, 49, 1115, 1447, 977, 1437, 95, 1577, 1099, 1629, 1200, 670, 1733, 493, 1450, 1762, 226, 838, 1202, 306, 663, 841, 1316, 71, 249, 674, 548, 684, 507, 658, 285, 1694, 1121, 265, 979, 196, 1439, 187, 1433, 1683, 111, 1517, 1310, 852, 760, 1073, 1455, 553, 1716, 1520, 1283, 1607, 1494, 851, 796, 1005, 818, 1685, 293, 1735, 1429, 862, 305, 1503, 904, 728, 245, 360, 198, 278, 333, 1112, 1785, 227, 701, 844, 1150, 346, 270, 195, 594, 1212, 1743, 1729, 872, 1308, 110, 712, 1026, 912, 1523, 1132, 576, 1703, 1378, 159, 138, 1105, 109, 836, 1015, 1351, 1238, 1684, 294, 151, 296, 1585, 391, 173, 253, 139, 96, 1573, 47, 647, 882, 828, 1135, 1758, 920, 1461, 606, 1257, 1572, 1286, 394, 802, 888, 1032, 1499, 1697, 82, 186, 587, 1319, 1627, 442, 1532, 106, 513, 368, 91, 1471, 1613, 450, 314, 51, 971, 1468, 935, 1541, 1255, 1391, 1114, 1236, 723, 869, 444, 511, 922, 834, 1245, 140, 1369, 282, 182, 487, 629, 1047, 1732, 1233, 337, 1430, 680, 495, 1702, 1254, 433, 778, 1493, 1673, 1074, 1078, 1618, 292, 1059, 353, 1023, 147, 1582, 929, 1676, 554, 769, 1603, 427, 1062, 13, 853, 1232, 815, 905, 1224, 940, 1442, 164, 1045, 482, 316, 932, 480, 1547, 874, 85, 813, 1360, 1080, 1226, 536, 413, 1677, 603, 232, 506, 689, 1376, 842, 1695, 829, 927, 846, 424, 1671, 462, 31, 1077, 641, 1505]
Essay ids in testing:
[1013, 945, 1187, 966, 1426, 711, 162, 142, 936, 909, 1218, 1402, 1184, 951, 1155, 1553, 460, 1102, 958, 1291, 520, 714, 692, 7, 1720, 1149, 1699, 1737, 557, 887, 560, 509, 1140, 1640, 1018, 1560, 234, 405, 881, 596, 1593, 515, 792, 747, 1588, 716, 345, 1354, 1711, 1129, 176, 81, 1546, 988, 1366, 1665, 1234, 1465, 1565, 299, 1645, 1481, 1558, 149, 1654, 541, 1055, 35, 260, 1518, 1666, 396, 516, 504, 153, 48, 985, 1418, 671, 54, 725, 1657, 119, 538, 895, 108, 125, 1617, 856, 1325, 263, 230, 817, 1111, 1642, 545, 77, 1586, 328, 1092, 1787, 1530, 15, 910, 311, 1783, 1779, 1004, 1730, 1174, 814, 478, 907, 941, 1327, 19, 635, 1403, 1492, 188, 884, 441, 989, 618, 1491, 908, 1352, 1261, 1189, 960, 136, 1332, 514, 523, 736, 1141, 567, 384, 644, 1537, 612, 1042, 470, 356, 446, 1265, 241, 183, 1548, 1119, 660, 304, 40, 1395, 1745, 1771, 571, 1463, 324, 762, 771, 1719, 255, 987, 1324, 6, 59, 250, 218, 1216, 1198, 300, 709, 1415, 921, 974, 1050, 748, 1689, 1146, 192, 1057, 1715, 1644, 535, 224, 411, 599, 997, 145, 1407, 1337, 763, 20, 1335, 1432, 55, 1498, 1554, 445, 1598, 381, 1144, 10, 468, 221, 578, 114, 1087, 1692, 1017, 83, 1390, 1384, 1379, 1061, 1549, 1227, 1266, 67, 86, 1525, 93, 1282, 1358, 123, 1158, 542, 1002, 1079, 1239, 533, 926, 1064, 18, 675, 1113, 532, 53, 417, 279, 1058, 1502, 1609, 519, 1086, 998, 938, 157, 1214, 160, 1672, 38, 1117, 943, 455, 1424, 252, 1151, 1659, 1016, 1089, 379, 1241, 529, 1641, 1029, 1215, 277, 476, 254, 847, 788, 1559, 1312, 492, 673, 443, 890, 272, 949, 1552, 350, 669, 1221, 5, 205, 600, 220, 566, 1196, 449, 924, 1300, 1456, 1464, 269, 335, 32, 1765, 652, 1739, 1104, 1623, 772, 1575, 1587, 715, 561, 584, 651, 1250, 968, 90, 1290, 832, 1299, 1301, 178, 1486, 734, 428, 1041, 570, 1259, 1090, 1136, 364, 490, 437, 521, 751, 1459, 804, 556, 1231, 172, 797, 393, 271, 228, 1466, 1451, 573, 1527, 1292, 831, 1473, 522, 980, 864, 1377, 1347, 193, 261, 973, 916]