,essay_id,pred_score,score
0,1013,8,7
1,945,8,8
2,1187,9,10
3,966,8,7
4,1426,8,10
5,711,9,10
6,162,11,12
7,142,9,10
8,936,8,7
9,909,9,10
10,1218,9,9
11,1402,8,9
12,1184,9,10
13,951,9,7
14,1155,8,8
15,1553,8,7
16,460,10,8
17,1102,8,8
18,958,8,8
19,1291,8,8
20,520,8,6
21,714,9,9
22,692,7,6
23,7,11,10
24,1720,9,11
25,1149,9,10
26,1699,8,8
27,1737,8,8
28,557,11,10
29,887,8,9
30,560,8,8
31,509,9,11
32,1140,9,9
33,1640,8,8
34,1018,11,10
35,1560,9,9
36,234,9,8
37,405,11,9
38,881,8,8
39,596,6,6
40,1593,9,10
41,515,8,8
42,792,8,8
43,747,8,8
44,1588,11,10
45,716,8,9
46,345,9,10
47,1354,8,8
48,1711,8,6
49,1129,8,8
50,176,9,10
51,81,8,8
52,1546,9,10
53,988,8,8
54,1366,8,8
55,1665,10,9
56,1234,9,8
57,1465,8,8
58,1565,8,8
59,299,8,8
60,1645,11,11
61,1481,8,7
62,1558,9,8
63,149,9,8
64,1654,9,9
65,541,9,8
66,1055,8,8
67,35,9,9
68,260,8,7
69,1518,9,10
70,1666,11,9
71,396,8,7
72,516,9,8
73,504,11,10
74,153,9,9
75,48,11,11
76,985,9,9
77,1418,8,8
78,671,8,8
79,54,9,10
80,725,6,6
81,1657,8,8
82,119,10,10
83,538,8,8
84,895,11,10
85,108,8,8
86,125,6,5
87,1617,8,8
88,856,8,10
89,1325,10,10
90,263,11,10
91,230,9,9
92,817,11,12
93,1111,11,11
94,1642,8,8
95,545,2,2
96,77,11,10
97,1586,8,7
98,328,8,8
99,1092,9,10
100,1787,7,7
101,1530,8,8
102,15,7,6
103,910,9,8
104,311,8,9
105,1783,9,8
106,1779,9,10
107,1004,7,6
108,1730,8,10
109,1174,8,10
110,814,8,8
111,478,9,8
112,907,9,9
113,941,10,12
114,1327,11,11
115,19,2,4
116,635,9,10
117,1403,8,11
118,1492,7,8
119,188,8,9
120,884,8,8
121,441,9,8
122,989,9,9
123,618,8,8
124,1491,11,11
125,908,10,10
126,1352,8,8
127,1261,8,9
128,1189,8,9
129,960,8,7
130,136,11,9
131,1332,8,9
132,514,8,8
133,523,10,10
134,736,8,10
135,1141,8,6
136,567,8,8
137,384,8,8
138,644,8,8
139,1537,8,8
140,612,9,10
141,1042,8,8
142,470,8,8
143,356,8,8
144,446,9,10
145,1265,9,10
146,241,8,9
147,183,9,8
148,1548,8,8
149,1119,8,9
150,660,11,11
151,304,9,9
152,40,7,7
153,1395,8,9
154,1745,9,10
155,1771,8,8
156,571,9,9
157,1463,7,8
158,324,8,8
159,762,10,10
160,771,9,9
161,1719,9,8
162,255,8,8
163,987,8,8
164,1324,9,8
165,6,8,8
166,59,9,8
167,250,8,10
168,218,8,8
169,1216,8,9
170,1198,8,7
171,300,10,8
172,709,11,10
173,1415,11,12
174,921,8,8
175,974,2,2
176,1050,11,11
177,748,9,8
178,1689,7,7
179,1146,8,8
180,192,10,11
181,1057,9,10
182,1715,10,10
183,1644,8,8
184,535,8,8
185,224,8,8
186,411,11,12
187,599,9,8
188,997,9,10
189,145,9,10
190,1407,8,10
191,1337,7,8
192,763,8,8
193,20,6,6
194,1335,8,7
195,1432,8,8
196,55,8,8
197,1498,9,8
198,1554,8,8
199,445,8,8
200,1598,11,10
201,381,9,10
202,1144,11,11
203,10,9,9
204,468,7,8
205,221,8,6
206,578,8,9
207,114,9,8
208,1087,10,11
209,1692,9,9
210,1017,8,8
211,83,7,7
212,1390,8,8
213,1384,8,10
214,1379,9,10
215,1061,8,8
216,1549,6,6
217,1227,8,8
218,1266,8,8
219,67,8,8
220,86,9,8
221,1525,8,8
222,93,11,11
223,1282,11,10
224,1358,11,11
225,123,9,10
226,1158,11,9
227,542,11,10
228,1002,8,8
229,1079,8,8
230,1239,11,11
231,533,9,8
232,926,8,7
233,1064,11,9
234,18,8,8
235,675,9,8
236,1113,11,10
237,532,9,8
238,53,9,8
239,417,8,8
240,279,10,10
241,1058,8,8
242,1502,9,10
243,1609,9,9
244,519,11,12
245,1086,9,8
246,998,10,9
247,938,9,11
248,157,9,9
249,1214,11,10
250,160,8,8
251,1672,8,6
252,38,8,8
253,1117,8,7
254,943,9,9
255,455,4,4
256,1424,10,10
257,252,9,9
258,1151,10,10
259,1659,9,9
260,1016,8,8
261,1089,8,8
262,379,9,9
263,1241,8,9
264,529,8,7
265,1641,8,8
266,1029,10,10
267,1215,8,8
268,277,9,9
269,476,8,8
270,254,11,10
271,847,11,12
272,788,8,8
273,1559,7,7
274,1312,9,9
275,492,8,7
276,673,4,6
277,443,8,8
278,890,8,8
279,272,10,10
280,949,8,8
281,1552,8,6
282,350,8,8
283,669,9,8
284,1221,10,10
285,5,10,8
286,205,11,10
287,600,8,6
288,220,8,10
289,566,8,8
290,1196,8,8
291,449,2,2
292,924,9,8
293,1300,8,7
294,1456,11,10
295,1464,10,10
296,269,9,9
297,335,8,9
298,32,10,10
299,1765,4,5
300,652,8,9
301,1739,10,10
302,1104,11,10
303,1623,9,9
304,772,10,10
305,1575,9,9
306,1587,9,10
307,715,6,8
308,561,8,8
309,584,9,9
310,651,8,8
311,1250,11,12
312,968,8,9
313,90,8,7
314,1290,8,8
315,832,2,2
316,1299,11,11
317,1301,8,8
318,178,8,8
319,1486,8,8
320,734,9,10
321,428,8,8
322,1041,8,6
323,570,9,8
324,1259,9,10
325,1090,8,6
326,1136,8,8
327,364,11,11
328,490,11,8
329,437,8,8
330,521,7,7
331,751,8,8
332,1459,8,8
333,804,8,8
334,556,10,10
335,1231,6,6
336,172,8,8
337,797,10,10
338,393,8,8
339,271,8,8
340,228,8,8
341,1466,8,8
342,1451,9,9
343,573,11,10
344,1527,8,10
345,1292,8,8
346,831,8,8
347,1473,7,6
348,522,9,9
349,980,9,10
350,864,9,10
351,1377,8,8
352,1347,8,8
353,193,9,8
354,261,9,9
355,973,8,6
356,916,11,11
