ALLOW_SOFT_PLACEMENT=<absl.flags._flag.BooleanFlag object at 0x7f06efcc6ba8>
BATCH_SIZE=<absl.flags._flag.Flag object at 0x7f06efcc6400>
EMBEDDING_SIZE=<absl.flags._flag.Flag object at 0x7f06efcc6940>
EPOCHS=<absl.flags._flag.Flag object at 0x7f06efcc6898>
EPSILON=<absl.flags._flag.Flag object at 0x7f070716c550>
ESSAY_SET_ID=<absl.flags._flag.Flag object at 0x7f06efcc69e8>
EVALUATION_INTERVAL=<absl.flags._flag.Flag object at 0x7f06efcc65f8>
FEATURE_SIZE=<absl.flags._flag.Flag object at 0x7f06efcc66d8>
GATED_ADDRESSING=<absl.flags._flag.BooleanFlag object at 0x7f06efcc6ac8>
HOPS=<absl.flags._flag.Flag object at 0x7f06efcc6860>
KEEP_PROB=<absl.flags._flag.Flag object at 0x7f06efcc64a8>
L2_LAMBDA=<absl.flags._flag.Flag object at 0x7f06f17dfc50>
LEARNING_RATE=<absl.flags._flag.Flag object at 0x7f06efcc6208>
LOG_DEVICE_PLACEMENT=<absl.flags._flag.BooleanFlag object at 0x7f06efcc6c18>
MAX_GRAD_NORM=<absl.flags._flag.Flag object at 0x7f06efcc6390>
NUM_SAMPLES=<absl.flags._flag.Flag object at 0x7f06efcc6588>
TOKEN_NUM=<absl.flags._flag.Flag object at 0x7f06efcc6a90>
max_score is 12 	 min_score is 2 
max sentence size: 911 
mean sentence size: 392
The size of training data: 1132
The size of testing data: 357
The size of evaluation data: 283

Essay scores in memory:
[2, 3, 4, 5, 6, 7, 8, 9, 10, 11, 12]
Essay ids in memory:
[41, 22, 1253, 1513, 590, 382, 1346, 309, 1417, 919, 321]
Essay ids in training:
[131, 1661, 100, 665, 1474, 189, 305, 1038, 582, 1331, 262, 606, 370, 1627, 1114, 1662, 992, 213, 1484, 850, 1062, 547, 1124, 1311, 1594, 952, 1343, 1752, 706, 1363, 1655, 1074, 372, 723, 1423, 1516, 1696, 495, 1649, 729, 760, 653, 1422, 1341, 1344, 906, 1321, 904, 1243, 329, 266, 1135, 605, 1053, 1336, 888, 217, 113, 1283, 62, 869, 678, 483, 348, 390, 724, 347, 1435, 431, 274, 759, 340, 1576, 150, 1165, 1374, 475, 1674, 1679, 89, 512, 786, 550, 214, 776, 1517, 1705, 1519, 4, 1268, 1499, 806, 1262, 1306, 967, 779, 177, 800, 244, 1023, 1360, 413, 646, 399, 1203, 942, 1538, 122, 1020, 733, 1388, 851, 948, 1025, 782, 527, 1508, 243, 601, 1431, 9, 758, 1157, 459, 552, 1317, 1629, 444, 143, 1100, 432, 597, 627, 1320, 728, 1503, 267, 1376, 1761, 44, 200, 43, 1122, 251, 1452, 1161, 540, 129, 34, 1080, 231, 474, 51, 1035, 163, 146, 336, 939, 1085, 191, 963, 1433, 855, 710, 873, 184, 1501, 617, 1759, 505, 1180, 1704, 237, 629, 316, 1405, 1656, 1383, 137, 1671, 610, 1648, 868, 1777, 1625, 1297, 257, 31, 616, 870, 1228, 757, 284, 1686, 171, 488, 1404, 207, 1295, 1260, 365, 1600, 1722, 1571, 1186, 1217, 69, 493, 327, 844, 127, 999, 341, 1522, 120, 802, 1509, 1120, 395, 1740, 880, 1051, 732, 1043, 1602, 1488, 1427, 1364, 546, 27, 1307, 1595, 1721, 8, 414, 569, 1125, 394, 1106, 799, 1248, 388, 970, 1015, 1410, 285, 656, 482, 950, 21, 730, 1544, 303, 147, 391, 238, 357, 657, 75, 1369, 1368, 295, 708, 73, 1173, 1608, 498, 920, 1438, 17, 496, 297, 430, 1714, 124, 1725, 1708, 190, 1582, 674, 1694, 650, 358, 1170, 1512, 874, 626, 1333, 1249, 167, 882, 1773, 1316, 1698, 210, 126, 1487, 1534, 1767, 377, 761, 555, 1574, 1589, 1660, 1279, 1717, 1224, 956, 212, 1011, 259, 1543, 1504, 624, 775, 1350, 343, 331, 1254, 752, 1030, 1772, 1676, 1682, 1701, 1703, 454, 366, 770, 418, 1624, 1556, 1743, 1724, 1632, 95, 333, 1238, 1462, 609, 106, 718, 643, 320, 905, 14, 197, 1210, 141, 1172, 1152, 182, 148, 1284, 1485, 1781, 803, 861, 47, 195, 1126, 1045, 589, 1387, 838, 1211, 1592, 641, 1019, 654, 559, 385, 342, 1021, 1652, 199, 865, 1028, 201, 1066, 991, 1322, 681, 947, 637, 429, 1240, 549, 611, 781, 407, 1670, 96, 822, 1229, 1596, 1430, 1470, 1162, 1563, 1115, 1526, 346, 705, 1318, 672, 226, 1133, 11, 322, 1742, 1461, 722, 105, 294, 1367, 645, 1303, 1244, 846, 481, 156, 961, 118, 1164, 215, 268, 823, 1370, 954, 1296, 325, 801, 1707, 196, 829, 1744, 507, 1581, 931, 1287, 990, 1223, 374, 1371, 1289, 1681, 1515, 1230, 676, 1573, 154, 186, 1578, 1547, 410, 1044, 1753, 1457, 1, 1500, 469, 401, 39, 307, 1075, 448, 298, 1738, 922, 94, 1385, 1319, 1236, 56, 915, 746, 930, 807, 473, 291, 891, 592, 68, 398, 1569, 408, 1653, 1024, 785, 397, 1643, 1270, 623, 1458, 334, 755, 1441, 1207, 667, 112, 863, 1272, 165, 1750, 1668, 33, 680, 740, 593, 1477, 1286, 783, 1735, 1348, 1334, 737, 1664, 517, 859, 995, 780, 485, 1439, 1156, 402, 558, 1212, 828, 1168, 229, 1375, 955, 586, 1178, 319, 638, 247, 1070, 918, 283, 104, 866, 739, 64, 1310, 1201, 1134, 248, 513, 111, 1206, 161, 1693, 1716, 155, 1786, 1047, 1340, 1255, 1687, 1597, 66, 288, 245, 1398, 1108, 1109, 745, 794, 661, 727, 97, 494, 659, 1315, 662, 1083, 1160, 764, 1349, 1763, 436, 1096, 464, 1677, 753, 371, 194, 677, 1285, 1256, 946, 691, 78, 1634, 85, 315, 1357, 962, 742, 1620, 360, 648, 1726, 1027, 351, 166, 872, 564, 1105, 685, 424, 1757, 286, 585, 1001, 1455, 1071, 1121, 982, 46, 1688, 1123, 1362, 1372, 1755, 1577, 1561, 1630, 1728, 1054, 109, 28, 1572, 852, 29, 1246, 258, 1428, 749, 1181, 1304, 1770, 928, 510, 275, 694, 1330, 1026, 1128, 628, 42, 91, 439, 1034, 704, 526, 889, 103, 1741, 433, 1440, 1658, 1678, 885, 1706, 1697, 1252, 174, 712, 206, 1414, 26, 531, 1746, 1339, 1550, 242, 1278, 1288, 695, 1232, 1776, 1419, 1416, 406, 1775, 380, 731, 1040, 841, 412, 862, 1391, 1780, 534, 508, 1007, 99, 1442, 1700, 835, 317, 743, 438, 1506, 1257, 825, 1048, 769, 1046, 1008, 290, 750, 392, 937, 70, 461, 842, 1073, 37, 684, 1702, 293, 497, 1564, 1294, 1139, 1636, 1263, 608, 1000, 151, 435, 1222, 925, 697, 1247, 663, 1145, 1060, 1393, 766, 1604, 576, 614, 894, 23, 834, 622, 1611, 1535, 387, 337, 768, 1524, 1448, 562, 1476, 1557, 1663, 1314, 778, 1754, 1472, 1542, 1305, 809, 719, 368, 1148, 1359, 233, 223, 1729, 1406, 923, 1192, 1065, 80, 1182, 1639, 530, 447, 158, 682, 816, 457, 702, 102, 579, 330, 456, 815, 101, 1413, 690, 774, 1298, 130, 227, 84, 208, 1482, 986, 144, 1078, 1009, 1063, 686, 607, 1731, 386, 670, 574, 1378, 479, 117, 472, 1614, 349, 1081, 964, 1468, 701, 720, 977, 1392, 1723, 959, 1273, 693, 754, 376, 1401, 707, 744, 276, 1098, 1179, 1091, 115, 683, 1710, 314, 506, 3, 615, 332, 1396, 1205, 1520, 1088, 858, 50, 442, 1097, 613, 355, 1612, 548, 1583, 777, 902, 854, 1436, 1323, 338, 818, 639, 491, 1408, 57, 306, 30, 1274, 1099, 1175, 1163, 1749, 699, 1651, 289, 1447, 994, 1691, 1193, 451, 1209, 1005, 487, 827, 1143, 1493, 375, 1118, 116, 917, 664, 957, 668, 1766, 1225, 140, 359, 421, 537, 1628, 1110, 1302, 253, 1774, 1190, 912, 1399, 773, 1536, 1293, 1351, 787, 185, 1127, 1567, 1101, 1607, 409, 98, 1764, 1394, 367, 658, 981, 1734, 927, 1036, 1068, 1445, 1475, 698, 471, 1732, 164, 452, 649, 1242, 173, 544, 1631, 1226, 58, 236, 1494, 270, 621, 688, 1003, 204, 791, 892, 1197, 1095, 1778, 1176, 416, 595, 1490, 1076, 1267, 1276, 1566, 222, 700, 1613, 1540, 860, 996, 249, 353, 877, 1012, 489, 932, 1784, 1107, 1478, 1199, 1361, 1646, 383, 1747, 565, 378, 993, 1213, 1103, 1183, 789, 1514, 466, 934, 940, 687, 1059, 484, 587, 110, 568, 301, 1386, 1355, 903, 696, 640, 326, 235, 969, 821, 1621, 463, 467, 1112, 458, 543, 1570, 400, 139, 2, 1191, 580, 871, 1177, 273, 1412, 16, 632, 501, 551, 1353, 525, 1638, 1785, 703, 1758, 642, 808, 440, 741, 972, 581, 1669, 138, 60, 1590, 798, 92, 1271, 726, 984, 1510, 323, 1380, 721, 953, 619, 1443, 1077, 1194, 1529, 1605, 1718, 180, 1568, 598, 1159, 976, 893, 1695, 65, 1760, 1769, 1618, 1233, 1033, 911, 1037, 500, 979, 480, 1521, 655, 362, 1446, 88, 1539, 152, 1495, 1251, 389, 1685, 1264, 813, 1545, 1022, 849, 1082, 135, 363, 528, 1202, 900, 1220, 1606, 423, 219, 1616, 790, 811, 361, 539, 1084, 239, 1585, 1709, 795, 604, 1736, 1690, 1329, 369, 879]
Essay ids in evaluation:
[820, 1342, 1169, 1601, 1444, 72, 1409, 1673, 240, 1204, 1610, 1389, 308, 631, 1450, 1309, 1505, 1142, 1052, 630, 689, 897, 1345, 1449, 1275, 1150, 765, 805, 933, 602, 563, 1680, 1584, 502, 427, 1469, 1049, 1154, 1637, 1147, 518, 107, 312, 198, 843, 1684, 232, 1308, 1185, 45, 354, 875, 76, 296, 1496, 1382, 767, 833, 1599, 840, 373, 883, 1258, 225, 209, 899, 168, 1167, 434, 1277, 415, 679, 13, 1365, 511, 1667, 1072, 812, 735, 965, 302, 1326, 756, 352, 898, 636, 159, 826, 1429, 465, 121, 1489, 1269, 1237, 403, 404, 1137, 588, 1032, 717, 1713, 1069, 499, 170, 1153, 71, 82, 853, 1626, 1453, 1425, 647, 24, 978, 1580, 713, 1421, 1056, 292, 202, 1014, 287, 63, 1756, 453, 422, 1094, 87, 1031, 1434, 1471, 282, 1219, 845, 12, 784, 929, 1454, 1460, 1138, 132, 1579, 738, 1531, 265, 1603, 1356, 425, 169, 246, 1188, 128, 1507, 1615, 1633, 1411, 1093, 1208, 1533, 572, 1166, 462, 1400, 1562, 876, 175, 133, 1039, 74, 134, 1712, 575, 1200, 1373, 1619, 1010, 187, 983, 625, 857, 553, 1328, 1067, 486, 896, 554, 1511, 824, 1497, 310, 867, 1748, 1467, 216, 524, 830, 278, 419, 837, 594, 1683, 36, 503, 1483, 1397, 25, 318, 52, 211, 1313, 583, 1479, 633, 1280, 878, 793, 79, 1591, 49, 1768, 901, 935, 886, 256, 914, 1541, 1555, 1437, 810, 666, 1381, 591, 281, 913, 280, 339, 264, 1622, 1006, 1551, 577, 420, 1523, 796, 1762, 1782, 1751, 944, 1130, 203, 1338, 1647, 426, 1195, 971, 1420, 179, 450, 848, 1132, 536, 1733, 1245, 1675, 1727, 1528, 1171, 1650, 1635, 620, 603, 836, 1281, 975, 477, 1480, 1116, 839, 181, 1532, 634, 819, 61]
Essay ids in testing:
[1013, 945, 1187, 966, 1426, 711, 162, 142, 936, 909, 1218, 1402, 1184, 951, 1155, 1553, 460, 1102, 958, 1291, 520, 714, 692, 7, 1720, 1149, 1699, 1737, 557, 887, 560, 509, 1140, 1640, 1018, 1560, 234, 405, 881, 596, 1593, 515, 792, 747, 1588, 716, 345, 1354, 1711, 1129, 176, 81, 1546, 988, 1366, 1665, 1234, 1465, 1565, 299, 1645, 1481, 1558, 149, 1654, 541, 1055, 35, 260, 1518, 1666, 396, 516, 504, 153, 48, 985, 1418, 671, 54, 725, 1657, 119, 538, 895, 108, 125, 1617, 856, 1325, 263, 230, 817, 1111, 1642, 545, 77, 1586, 328, 1092, 1787, 1530, 15, 910, 311, 1783, 1779, 1004, 1730, 1174, 814, 478, 907, 941, 1327, 19, 635, 1403, 1492, 188, 884, 441, 989, 618, 1491, 908, 1352, 1261, 1189, 960, 136, 1332, 514, 523, 736, 1141, 567, 384, 644, 1537, 612, 1042, 470, 356, 446, 1265, 241, 183, 1548, 1119, 660, 304, 40, 1395, 1745, 1771, 571, 1463, 324, 762, 771, 1719, 255, 987, 1324, 6, 59, 250, 218, 1216, 1198, 300, 709, 1415, 921, 974, 1050, 748, 1689, 1146, 192, 1057, 1715, 1644, 535, 224, 411, 599, 997, 145, 1407, 1337, 763, 20, 1335, 1432, 55, 1498, 1554, 445, 1598, 381, 1144, 10, 468, 221, 578, 114, 1087, 1692, 1017, 83, 1390, 1384, 1379, 1061, 1549, 1227, 1266, 67, 86, 1525, 93, 1282, 1358, 123, 1158, 542, 1002, 1079, 1239, 533, 926, 1064, 18, 675, 1113, 532, 53, 417, 279, 1058, 1502, 1609, 519, 1086, 998, 938, 157, 1214, 160, 1672, 38, 1117, 943, 455, 1424, 252, 1151, 1659, 1016, 1089, 379, 1241, 529, 1641, 1029, 1215, 277, 476, 254, 847, 788, 1559, 1312, 492, 673, 443, 890, 272, 949, 1552, 350, 669, 1221, 5, 205, 600, 220, 566, 1196, 449, 924, 1300, 1456, 1464, 269, 335, 32, 1765, 652, 1739, 1104, 1623, 772, 1575, 1587, 715, 561, 584, 651, 1250, 968, 90, 1290, 832, 1299, 1301, 178, 1486, 734, 428, 1041, 570, 1259, 1090, 1136, 364, 490, 437, 521, 751, 1459, 804, 556, 1231, 172, 797, 393, 271, 228, 1466, 1451, 573, 1527, 1292, 831, 1473, 522, 980, 864, 1377, 1347, 193, 261, 973, 916]