ALLOW_SOFT_PLACEMENT=<absl.flags._flag.BooleanFlag object at 0x7f18dba3a4a8>
BATCH_SIZE=<absl.flags._flag.Flag object at 0x7f18dba34eb8>
EMBEDDING_SIZE=<absl.flags._flag.Flag object at 0x7f18dba3a240>
EPOCHS=<absl.flags._flag.Flag object at 0x7f18dba3a198>
EPSILON=<absl.flags._flag.Flag object at 0x7f18f13c15c0>
ESSAY_SET_ID=<absl.flags._flag.Flag object at 0x7f18dba3a2e8>
EVALUATION_INTERVAL=<absl.flags._flag.Flag object at 0x7f18dba34e10>
FEATURE_SIZE=<absl.flags._flag.Flag object at 0x7f18dba34f60>
GATED_ADDRESSING=<absl.flags._flag.BooleanFlag object at 0x7f18dba3a3c8>
HOPS=<absl.flags._flag.Flag object at 0x7f18dba3a0f0>
KEEP_PROB=<absl.flags._flag.Flag object at 0x7f18dba34d30>
L2_LAMBDA=<absl.flags._flag.Flag object at 0x7f18dba34b38>
LEARNING_RATE=<absl.flags._flag.Flag object at 0x7f18dba34be0>
LOG_DEVICE_PLACEMENT=<absl.flags._flag.BooleanFlag object at 0x7f18dba3a518>
MAX_GRAD_NORM=<absl.flags._flag.Flag object at 0x7f18dba34c88>
NUM_SAMPLES=<absl.flags._flag.Flag object at 0x7f18dba3a048>
TOKEN_NUM=<absl.flags._flag.Flag object at 0x7f18dba3a390>
max_score is 12 	 min_score is 2 
max sentence size: 911 
mean sentence size: 392
The size of training data: 1132
The size of testing data: 357
The size of evaluation data: 283

Essay scores in memory:
[2, 3, 4, 5, 6, 7, 8, 9, 10, 11, 12]
Essay ids in memory:
[41, 22, 1253, 1513, 590, 382, 1346, 309, 1417, 919, 321]
Essay ids in training:
[536, 400, 1107, 1541, 786, 1450, 609, 451, 347, 477, 219, 1135, 1209, 68, 1538, 1154, 954, 267, 385, 1780, 167, 1429, 419, 649, 1624, 1256, 273, 177, 733, 1008, 806, 31, 1370, 1073, 360, 1388, 626, 1416, 684, 1019, 319, 1740, 1744, 553, 191, 46, 1776, 1728, 977, 495, 310, 1121, 1359, 238, 1488, 678, 754, 1564, 275, 1763, 1130, 994, 995, 577, 1457, 681, 69, 154, 1122, 1225, 33, 251, 156, 699, 1156, 979, 685, 1614, 200, 761, 1171, 1447, 80, 1373, 1777, 1371, 282, 853, 179, 1629, 929, 617, 868, 805, 558, 386, 1176, 1293, 1438, 1656, 247, 1069, 1712, 427, 674, 362, 1724, 1436, 174, 1774, 1108, 1394, 723, 1625, 962, 102, 434, 1206, 1169, 722, 447, 1272, 569, 879, 760, 800, 352, 790, 892, 1368, 855, 1717, 813, 502, 1077, 1688, 970, 662, 956, 1567, 821, 1355, 223, 1244, 462, 1100, 1147, 1205, 1238, 589, 1286, 1024, 1516, 1676, 290, 641, 436, 628, 798, 1580, 991, 1595, 372, 36, 73, 1413, 8, 1446, 834, 975, 96, 822, 1412, 1078, 1697, 1707, 392, 1336, 965, 395, 1634, 1664, 132, 993, 1223, 898, 593, 116, 708, 1360, 1075, 1267, 724, 683, 1277, 603, 1350, 268, 816, 811, 1679, 303, 164, 546, 861, 471, 287, 169, 1085, 1501, 1199, 1047, 318, 1182, 1326, 925, 1288, 889, 1202, 1257, 1568, 1348, 291, 1411, 137, 1200, 1522, 1584, 1743, 1600, 1455, 143, 1400, 1675, 1372, 1297, 1430, 131, 1027, 517, 886, 1748, 30, 858, 1493, 1014, 1153, 1650, 1691, 1179, 703, 298, 691, 1067, 873, 1576, 1316, 1081, 235, 493, 469, 732, 972, 170, 1374, 947, 293, 672, 72, 680, 1422, 163, 1401, 237, 440, 1240, 1181, 1613, 551, 43, 825, 1207, 755, 1320, 1251, 206, 421, 920, 383, 882, 1479, 1722, 1302, 1773, 485, 110, 484, 664, 598, 106, 435, 1389, 633, 171, 227, 1245, 1433, 406, 1283, 568, 1175, 687, 758, 852, 696, 1578, 1504, 1319, 899, 905, 1138, 201, 789, 850, 640, 240, 903, 769, 151, 576, 969, 374, 1750, 840, 1452, 667, 1467, 472, 189, 1084, 1734, 1170, 363, 270, 1247, 1622, 900, 1009, 466, 914, 738, 585, 204, 1088, 165, 668, 653, 782, 17, 1364, 1321, 913, 1049, 636, 1596, 1696, 1183, 581, 45, 1093, 595, 498, 196, 1026, 1443, 774, 766, 1034, 115, 531, 1589, 128, 548, 690, 146, 1398, 1062, 1000, 1671, 99, 1167, 1772, 655, 1510, 325, 986, 98, 1031, 1550, 513, 1082, 65, 1331, 217, 482, 619, 982, 918, 880, 388, 358, 61, 479, 613, 274, 1219, 338, 829, 1768, 1729, 1, 1437, 16, 627, 155, 591, 1649, 1736, 1091, 1318, 1313, 124, 1472, 1702, 373, 554, 1173, 527, 1197, 1333, 631, 827, 2, 1015, 524, 944, 87, 1165, 1775, 839, 824, 679, 95, 296, 1106, 1168, 851, 967, 122, 1517, 1132, 214, 408, 1784, 623, 9, 1226, 330, 1434, 1428, 1066, 1766, 1307, 1655, 778, 744, 677, 719, 185, 787, 281, 175, 26, 565, 1052, 1114, 1248, 607, 423, 444, 1076, 292, 486, 809, 952, 749, 501, 1381, 1661, 588, 1334, 701, 795, 1142, 12, 753, 1461, 1367, 865, 1475, 1435, 1249, 322, 823, 439, 902, 1786, 85, 1680, 369, 1551, 1296, 121, 323, 265, 1233, 874, 276, 891, 1393, 625, 1693, 368, 397, 875, 698, 1306, 283, 1341, 3, 959, 906, 64, 1579, 117, 1616, 475, 505, 337, 1425, 863, 1048, 682, 1356, 51, 676, 1210, 1254, 901, 94, 1303, 1533, 750, 946, 56, 657, 1083, 1746, 1684, 1627, 1025, 746, 624, 1668, 1007, 937, 508, 1721, 869, 757, 721, 1127, 507, 126, 1068, 1646, 948, 208, 894, 550, 66, 348, 1708, 1566, 229, 704, 1755, 1315, 104, 1229, 1524, 1193, 1660, 729, 1478, 398, 28, 610, 525, 1386, 1592, 1757, 1361, 113, 1573, 1523, 127, 459, 645, 308, 289, 1607, 730, 917, 807, 438, 1195, 346, 473, 1444, 1785, 793, 1658, 129, 1180, 955, 135, 647, 601, 659, 1150, 552, 1160, 79, 1010, 489, 1604, 1667, 349, 1074, 1323, 147, 537, 846, 301, 583, 810, 835, 666, 215, 648, 686, 1637, 990, 184, 416, 854, 88, 327, 1124, 615, 1382, 1581, 777, 862, 927, 518, 353, 1470, 257, 845, 399, 1054, 783, 1217, 1572, 1414, 1494, 1653, 1460, 1630, 801, 934, 579, 497, 24, 1601, 614, 225, 1243, 922, 44, 103, 1161, 1339, 933, 491, 1294, 843, 474, 1116, 1045, 637, 776, 199, 1035, 877, 572, 841, 1476, 1756, 1480, 1582, 1409, 278, 414, 1540, 256, 407, 370, 897, 21, 780, 331, 1134, 1605, 961, 1387, 1681, 418, 60, 70, 1440, 1700, 1441, 1375, 75, 1725, 799, 1468, 1556, 1727, 812, 1020, 1639, 1137, 1648, 1670, 1635, 71, 904, 1534, 1713, 181, 1311, 1539, 586, 602, 312, 1747, 453, 878, 712, 1258, 1742, 940, 1445, 802, 700, 483, 1071, 141, 1570, 420, 1590, 885, 794, 1099, 1342, 510, 689, 332, 14, 1338, 197, 1690, 354, 1506, 288, 454, 539, 728, 1053, 1674, 562, 47, 1060, 1059, 1585, 161, 1495, 957, 295, 1511, 1752, 467, 343, 50, 803, 242, 1782, 688, 953, 11, 1391, 76, 415, 923, 1188, 130, 996, 837, 58, 159, 334, 1706, 1252, 1662, 62, 838, 1496, 1322, 461, 1489, 1545, 1255, 1281, 963, 1120, 752, 1308, 413, 1128, 564, 650, 1535, 860, 638, 1046, 1703, 1542, 1531, 1704, 105, 351, 259, 1212, 341, 243, 896, 1385, 496, 1759, 1760, 630, 1427, 1599, 1723, 1561, 1006, 741, 1419, 173, 376, 100, 1230, 883, 1410, 737, 574, 203, 410, 1577, 366, 500, 1295, 1482, 1003, 1767, 1453, 642, 315, 1603, 1357, 1406, 693, 1203, 740, 253, 511, 1726, 1343, 848, 34, 1618, 1036, 1448, 697, 1709, 1608, 1682, 707, 1396, 207, 784, 264, 244, 888, 1733, 1673, 1362, 1287, 1157, 1770, 999, 409, 307, 543, 1110, 378, 82, 1500, 1056, 1101, 1636, 1761, 1070, 1109, 857, 911, 429, 1329, 340, 365, 107, 246, 867, 1269, 4, 1392, 634, 928, 182, 1669, 820, 695, 1289, 1192, 836, 796, 1143, 1621, 1263, 456, 1405, 1594, 213, 280, 1514, 935, 403, 63, 377, 118, 828, 1431, 1408, 842, 210, 412, 1519, 930, 1021, 656, 57, 1028, 326, 1499, 1490, 1735, 713, 1769, 424, 830, 305, 1330, 1145, 629, 198, 779, 1005, 785, 1344, 139, 1526, 1633, 646, 1211, 1532, 984, 187, 1663, 661, 1208, 1677, 1063, 297, 1751, 39, 1753, 195, 770, 1583, 488, 1112, 1458, 939, 1349, 1557, 745, 773, 1298, 52, 942, 306, 209, 357, 1172, 1012, 342, 597, 1643, 710, 639, 194, 563, 1204, 430, 1483, 1030, 981, 1574, 333, 1268, 1652, 547, 1383, 1309, 1749, 1094, 1687, 1507, 158, 616, 1503, 499, 1732, 1647, 1610, 1022, 608, 1764, 1278, 1280, 1103, 29, 1762, 1270, 380, 23, 1222, 1651, 1378, 431, 1701, 718, 1397, 1164, 1345, 1569, 742, 401, 705, 1033, 112, 594, 1228, 1602, 89, 1678, 1547, 1471, 1237, 808, 1421, 1487, 1351, 25, 1376, 232, 1001, 1509, 549, 1420, 544, 983, 540, 13, 111, 605, 844, 1694]
Essay ids in evaluation:
[101, 528, 1080, 580, 1477, 249, 768, 743, 216, 320, 211, 138, 717, 1279, 622, 1139, 425, 375, 1190, 1631, 1404, 186, 726, 1096, 731, 931, 815, 367, 1698, 494, 78, 1474, 1497, 1126, 302, 1264, 1039, 1038, 611, 587, 481, 1194, 1044, 1133, 604, 1284, 575, 1177, 294, 859, 1125, 180, 74, 1716, 1097, 92, 1191, 339, 168, 391, 512, 361, 402, 140, 506, 1178, 1521, 1148, 1380, 316, 526, 1685, 1449, 27, 1220, 286, 1632, 876, 1271, 84, 284, 231, 1741, 1508, 1037, 1224, 1626, 448, 582, 190, 775, 1536, 1611, 871, 1442, 964, 1638, 1123, 1714, 1065, 91, 1606, 643, 1105, 236, 1571, 1718, 1305, 727, 702, 1439, 166, 1260, 404, 1620, 262, 781, 1186, 442, 866, 756, 872, 1023, 1115, 971, 1275, 239, 1512, 1454, 1242, 826, 915, 1628, 422, 620, 1683, 1591, 450, 791, 632, 433, 432, 978, 1236, 559, 767, 694, 1098, 464, 37, 592, 1043, 120, 1213, 1274, 1695, 1363, 1528, 1399, 1340, 1738, 426, 458, 1462, 1166, 1781, 735, 245, 870, 42, 1314, 1710, 144, 1365, 258, 1095, 1159, 1032, 1754, 764, 394, 819, 314, 555, 317, 1040, 1162, 390, 1163, 1544, 530, 150, 1304, 1051, 1310, 849, 233, 950, 389, 97, 1353, 148, 1612, 1232, 387, 1615, 663, 49, 133, 654, 1423, 1778, 487, 932, 1246, 1469, 1328, 976, 1273, 1201, 1619, 109, 720, 1185, 1152, 893, 992, 222, 759, 248, 534, 463, 457, 1562, 1597, 336, 1485, 1731, 1276, 1686, 670, 1543, 1369, 202, 226, 621, 1505, 1118, 706, 1563, 1011, 833, 1529, 739, 765, 355, 452, 266, 371, 1262, 359, 285, 329, 1285, 1484, 1515, 1317, 912, 1520, 1705, 658, 1758, 503, 480, 134, 465, 1072, 665, 606, 212, 152, 1555, 818]
Essay ids in testing:
[1013, 945, 1187, 966, 1426, 711, 162, 142, 936, 909, 1218, 1402, 1184, 951, 1155, 1553, 460, 1102, 958, 1291, 520, 714, 692, 7, 1720, 1149, 1699, 1737, 557, 887, 560, 509, 1140, 1640, 1018, 1560, 234, 405, 881, 596, 1593, 515, 792, 747, 1588, 716, 345, 1354, 1711, 1129, 176, 81, 1546, 988, 1366, 1665, 1234, 1465, 1565, 299, 1645, 1481, 1558, 149, 1654, 541, 1055, 35, 260, 1518, 1666, 396, 516, 504, 153, 48, 985, 1418, 671, 54, 725, 1657, 119, 538, 895, 108, 125, 1617, 856, 1325, 263, 230, 817, 1111, 1642, 545, 77, 1586, 328, 1092, 1787, 1530, 15, 910, 311, 1783, 1779, 1004, 1730, 1174, 814, 478, 907, 941, 1327, 19, 635, 1403, 1492, 188, 884, 441, 989, 618, 1491, 908, 1352, 1261, 1189, 960, 136, 1332, 514, 523, 736, 1141, 567, 384, 644, 1537, 612, 1042, 470, 356, 446, 1265, 241, 183, 1548, 1119, 660, 304, 40, 1395, 1745, 1771, 571, 1463, 324, 762, 771, 1719, 255, 987, 1324, 6, 59, 250, 218, 1216, 1198, 300, 709, 1415, 921, 974, 1050, 748, 1689, 1146, 192, 1057, 1715, 1644, 535, 224, 411, 599, 997, 145, 1407, 1337, 763, 20, 1335, 1432, 55, 1498, 1554, 445, 1598, 381, 1144, 10, 468, 221, 578, 114, 1087, 1692, 1017, 83, 1390, 1384, 1379, 1061, 1549, 1227, 1266, 67, 86, 1525, 93, 1282, 1358, 123, 1158, 542, 1002, 1079, 1239, 533, 926, 1064, 18, 675, 1113, 532, 53, 417, 279, 1058, 1502, 1609, 519, 1086, 998, 938, 157, 1214, 160, 1672, 38, 1117, 943, 455, 1424, 252, 1151, 1659, 1016, 1089, 379, 1241, 529, 1641, 1029, 1215, 277, 476, 254, 847, 788, 1559, 1312, 492, 673, 443, 890, 272, 949, 1552, 350, 669, 1221, 5, 205, 600, 220, 566, 1196, 449, 924, 1300, 1456, 1464, 269, 335, 32, 1765, 652, 1739, 1104, 1623, 772, 1575, 1587, 715, 561, 584, 651, 1250, 968, 90, 1290, 832, 1299, 1301, 178, 1486, 734, 428, 1041, 570, 1259, 1090, 1136, 364, 490, 437, 521, 751, 1459, 804, 556, 1231, 172, 797, 393, 271, 228, 1466, 1451, 573, 1527, 1292, 831, 1473, 522, 980, 864, 1377, 1347, 193, 261, 973, 916]