ALLOW_SOFT_PLACEMENT=<absl.flags._flag.BooleanFlag object at 0x7f1ace77ecc0>
BATCH_SIZE=<absl.flags._flag.Flag object at 0x7f1ace77e518>
EMBEDDING_SIZE=<absl.flags._flag.Flag object at 0x7f1ace77ea20>
EPOCHS=<absl.flags._flag.Flag object at 0x7f1ace77e978>
EPSILON=<absl.flags._flag.Flag object at 0x7f1ae5bec5c0>
ESSAY_SET_ID=<absl.flags._flag.Flag object at 0x7f1ace77eac8>
EVALUATION_INTERVAL=<absl.flags._flag.Flag object at 0x7f1ace77e668>
FEATURE_SIZE=<absl.flags._flag.Flag object at 0x7f1ace77e7f0>
GATED_ADDRESSING=<absl.flags._flag.BooleanFlag object at 0x7f1ace77eba8>
HOPS=<absl.flags._flag.Flag object at 0x7f1ace77e8d0>
KEEP_PROB=<absl.flags._flag.Flag object at 0x7f1ace77e5c0>
L2_LAMBDA=<absl.flags._flag.Flag object at 0x7f1ad0261c50>
LEARNING_RATE=<absl.flags._flag.Flag object at 0x7f1ace77e400>
LOG_DEVICE_PLACEMENT=<absl.flags._flag.BooleanFlag object at 0x7f1ace77ed30>
MAX_GRAD_NORM=<absl.flags._flag.Flag object at 0x7f1ace77e4e0>
NUM_SAMPLES=<absl.flags._flag.Flag object at 0x7f1ace77e828>
TOKEN_NUM=<absl.flags._flag.Flag object at 0x7f1ace77eb70>
max_score is 12 	 min_score is 2 
max sentence size: 911 
mean sentence size: 392
The size of training data: 1132
The size of testing data: 357
The size of evaluation data: 283

Essay scores in memory:
[2, 3, 4, 5, 6, 7, 8, 9, 10, 11, 12]
Essay ids in memory:
[41, 22, 1253, 1513, 590, 382, 1346, 309, 1417, 919, 321]
Essay ids in training:
[1501, 1388, 1211, 986, 950, 1040, 774, 1304, 1069, 1544, 361, 812, 1742, 243, 1399, 899, 738, 649, 806, 298, 1369, 983, 410, 1007, 901, 1750, 1154, 703, 1744, 1701, 246, 1599, 213, 348, 1356, 605, 115, 1770, 766, 1169, 1724, 929, 1683, 1633, 1469, 480, 102, 1271, 588, 1435, 1746, 1511, 971, 1210, 1462, 1201, 318, 1116, 265, 1410, 722, 547, 688, 495, 1414, 1652, 1570, 1160, 177, 1084, 1071, 543, 979, 1483, 823, 1579, 96, 24, 52, 880, 273, 849, 101, 1083, 1032, 1766, 1499, 1520, 128, 240, 1732, 1025, 1037, 1531, 200, 659, 1419, 1059, 1236, 501, 726, 1433, 511, 1167, 648, 1126, 72, 1675, 1139, 720, 848, 34, 1436, 697, 1449, 1523, 91, 1660, 143, 1694, 858, 322, 256, 31, 1429, 761, 1026, 1743, 976, 222, 267, 737, 1477, 1322, 717, 1361, 1074, 913, 565, 127, 1308, 865, 1747, 171, 1232, 106, 1252, 508, 1631, 745, 429, 296, 1493, 798, 1357, 1148, 706, 292, 1295, 1700, 704, 866, 1676, 1625, 593, 861, 1619, 962, 1782, 702, 456, 440, 1632, 1191, 95, 118, 399, 876, 1363, 65, 686, 1132, 1563, 402, 1162, 1740, 1594, 1098, 79, 791, 1288, 1577, 406, 942, 1561, 1115, 1123, 332, 957, 1217, 965, 698, 1738, 1011, 1731, 527, 1027, 310, 708, 1626, 911, 729, 902, 1342, 632, 1270, 1009, 159, 397, 948, 653, 1776, 13, 442, 1181, 80, 1662, 377, 1194, 303, 1450, 366, 1124, 1405, 598, 990, 89, 631, 1515, 27, 575, 610, 211, 510, 459, 1345, 1496, 1028, 462, 61, 624, 1334, 227, 825, 140, 1573, 414, 1756, 1161, 57, 677, 851, 1020, 1649, 1075, 473, 1008, 139, 1562, 184, 629, 1175, 827, 209, 1065, 646, 1095, 1611, 1601, 349, 187, 1752, 1733, 1251, 885, 424, 657, 1412, 1438, 754, 1264, 1157, 483, 1391, 371, 1275, 111, 670, 857, 1441, 536, 905, 630, 1425, 742, 1376, 286, 780, 482, 854, 435, 196, 1137, 1145, 645, 1620, 795, 1532, 878, 691, 1127, 1219, 1703, 503, 674, 841, 404, 249, 918, 583, 1118, 1555, 684, 1615, 1517, 1283, 120, 1341, 467, 1470, 1761, 1431, 301, 944, 226, 1592, 134, 625, 1514, 2, 1702, 828, 1383, 1754, 453, 486, 331, 546, 621, 427, 1663, 1597, 295, 147, 244, 1311, 712, 607, 1600, 897, 842, 685, 1225, 126, 182, 151, 339, 1533, 1764, 818, 730, 667, 1392, 131, 29, 1340, 1768, 699, 678, 1034, 1045, 1603, 540, 471, 1049, 802, 1152, 1475, 485, 955, 1193, 1237, 1471, 1360, 210, 1372, 513, 935, 1653, 1001, 488, 206, 1070, 554, 956, 1130, 161, 109, 107, 1581, 1461, 1287, 574, 479, 1370, 82, 33, 1677, 1706, 45, 868, 1696, 893, 1203, 1427, 1024, 1550, 1580, 551, 781, 553, 1375, 1423, 217, 1670, 166, 223, 444, 1684, 534, 1272, 386, 830, 1121, 650, 1524, 952, 1545, 821, 838, 105, 284, 466, 1669, 882, 30, 1485, 49, 1411, 491, 995, 28, 690, 150, 524, 658, 323, 1279, 1343, 796, 197, 628, 1233, 1749, 934, 1023, 1150, 36, 1036, 750, 982, 1120, 637, 37, 707, 1108, 1163, 1484, 595, 1673, 1178, 74, 1315, 1571, 1643, 1348, 1506, 407, 1313, 789, 312, 302, 62, 138, 1309, 1268, 813, 1093, 58, 1096, 586, 755, 915, 1182, 1202, 274, 1566, 1197, 1289, 408, 88, 1105, 189, 1658, 1655, 1777, 1606, 539, 619, 305, 843, 1551, 474, 984, 1031, 422, 190, 1310, 4, 39, 727, 426, 1046, 636, 518, 359, 993, 1242, 75, 1717, 496, 1590, 68, 656, 1488, 930, 458, 834, 1529, 413, 355, 1012, 248, 1584, 1736, 1088, 757, 439, 1767, 1381, 191, 665, 975, 1443, 694, 430, 1613, 1385, 1280, 253, 592, 1505, 1708, 1778, 1362, 1452, 627, 216, 1753, 1413, 1321, 289, 1519, 333, 1035, 1006, 158, 1101, 164, 1326, 1516, 577, 367, 317, 787, 1030, 64, 963, 1147, 1495, 1650, 1674, 1359, 1726, 11, 1240, 1474, 719, 8, 1349, 836, 863, 1420, 1455, 1504, 1257, 925, 1263, 266, 1503, 1085, 390, 186, 1060, 237, 1651, 1331, 613, 215, 1540, 370, 883, 845, 1428, 1634, 1542, 978, 85, 1170, 185, 724, 1015, 1138, 325, 1100, 662, 1277, 710, 76, 1223, 1661, 572, 1772, 767, 1447, 1267, 1014, 1512, 713, 1679, 288, 1671, 961, 316, 1556, 1156, 219, 1687, 231, 431, 1528, 604, 867, 239, 1317, 1238, 1690, 819, 743, 290, 1368, 1297, 447, 1364, 1430, 807, 558, 1636, 152, 1316, 931, 245, 822, 1303, 130, 559, 1780, 826, 1164, 1785, 388, 340, 291, 1323, 1489, 568, 320, 1722, 168, 1186, 1021, 1595, 100, 500, 1422, 1704, 1112, 1507, 615, 434, 977, 1226, 264, 1229, 1763, 1401, 611, 735, 420, 1629, 525, 779, 278, 544, 758, 972, 338, 1248, 1543, 1247, 403, 378, 1038, 1472, 1480, 203, 165, 1394, 810, 562, 497, 752, 469, 643, 790, 687, 104, 1073, 1314, 394, 1067, 1408, 23, 287, 576, 132, 465, 579, 71, 1680, 1344, 620, 1355, 1052, 360, 232, 1445, 992, 47, 634, 835, 1333, 1382, 78, 1094, 1195, 327, 608, 932, 472, 409, 1019, 421, 1458, 1762, 1298, 741, 369, 329, 1269, 731, 1107, 892, 214, 616, 341, 794, 423, 283, 744, 733, 1185, 1176, 113, 676, 1168, 1612, 494, 1547, 1212, 1638, 853, 374, 1508, 602, 601, 1721, 1446, 1365, 475, 896, 1682, 1509, 1716, 1564, 94, 294, 1386, 1125, 947, 808, 1698, 1709, 1728, 1172, 1306, 1576, 463, 1056, 1183, 1578, 1353, 199, 1494, 564, 1091, 1646, 358, 1691, 1224, 1010, 517, 1404, 1707, 815, 824, 351, 1453, 1072, 996, 668, 550, 204, 17, 773, 280, 451, 258, 507, 640, 928, 1208, 84, 1510, 1607, 436, 597, 1526, 799, 776, 967, 282, 1557, 530, 940, 537, 498, 933, 450, 1647, 1628, 1697, 531, 816, 718, 293, 756, 202, 959, 1434, 917, 1134, 1534, 281, 555, 642, 1350, 167, 1604, 1718, 1610, 1664, 1444, 238, 775, 1099, 389, 633, 1759, 1387, 1479, 60, 1538, 198, 141, 354, 1276, 362, 1338, 765, 1177, 594, 1328, 112, 337, 233, 487, 1725, 387, 655, 701, 1082, 398, 489, 746, 939, 373, 1228, 1393, 1448, 135, 175, 946, 1605, 419, 872, 512, 336, 51, 1729, 1285, 805, 820, 1723, 1171, 1409, 129, 784, 1602, 1758, 1000, 782, 728, 1572, 663, 1536, 42, 723, 1230, 937, 454, 425, 874, 696, 829, 1497, 888, 1589, 679, 297, 749, 1339, 493, 1714, 1389, 365, 342, 16, 144, 1400, 1541, 1539, 623, 869, 1482, 638, 330, 953, 1681, 900, 1421, 1307, 898, 891, 1255, 1596, 1122, 1582, 1667, 363, 1397, 14, 587, 353, 201, 873, 235, 308, 481, 777, 1487, 418, 770, 70, 116, 400, 1166, 415, 1077, 315, 307, 499, 247, 1685, 156, 432, 617, 1260, 614, 163, 334, 1246, 920, 1735, 1244, 1278, 1648, 259, 732, 155, 1254, 1784, 1712, 124, 833, 1133, 110, 103, 1583, 1398, 666, 207, 1204, 793, 1367, 871, 1003, 1320, 859, 1051, 1786, 606, 433, 837, 1159, 148, 839, 1727, 1097, 803, 1585, 117, 1302, 800, 683, 464, 98, 769, 225, 1568, 1437, 1245]
Essay ids in evaluation:
[1668, 1044, 1374, 87, 1490, 169, 889, 46, 1106, 1500, 1755, 262, 242, 484, 1713, 1063, 97, 352, 1476, 506, 1567, 1757, 1209, 664, 1621, 589, 1048, 1080, 912, 1396, 416, 1047, 647, 1081, 1440, 1078, 122, 581, 1076, 285, 173, 181, 1296, 1336, 56, 981, 99, 195, 154, 580, 1281, 1294, 764, 1033, 1330, 194, 133, 904, 1760, 1205, 639, 759, 862, 1109, 383, 860, 1114, 1688, 1329, 385, 1775, 21, 1705, 326, 1262, 809, 1043, 236, 25, 1284, 1054, 1439, 1656, 1521, 1748, 903, 585, 1622, 1454, 1478, 50, 1, 877, 1380, 870, 875, 569, 257, 1406, 395, 739, 1173, 693, 368, 1293, 170, 461, 1734, 1569, 1039, 914, 180, 1781, 1773, 1774, 229, 1637, 1110, 1213, 753, 548, 850, 700, 661, 44, 681, 563, 1627, 844, 1222, 855, 840, 622, 778, 1179, 69, 1468, 438, 1165, 626, 1200, 505, 1741, 786, 923, 1142, 268, 1274, 73, 1371, 1256, 1769, 927, 1273, 582, 1693, 672, 906, 682, 1220, 448, 1207, 526, 1378, 1249, 1066, 1022, 26, 991, 1608, 811, 1460, 1180, 376, 1103, 314, 347, 137, 1286, 1751, 1616, 380, 1467, 852, 1614, 1143, 1618, 1373, 1591, 208, 1153, 1639, 1442, 801, 275, 477, 740, 1319, 1574, 1535, 1710, 1686, 1135, 346, 1695, 1635, 695, 1188, 680, 689, 92, 1190, 1457, 1192, 970, 1624, 1522, 846, 12, 1351, 3, 375, 1318, 212, 760, 357, 1243, 372, 502, 609, 1630, 1128, 879, 1068, 654, 457, 251, 785, 894, 306, 179, 1005, 1206, 999, 528, 603, 319, 174, 1258, 1305, 1199, 549, 964, 392, 66, 721, 43, 401, 705, 146, 63, 552, 969, 391, 922, 641, 9, 452, 270, 1062, 121, 994, 412, 1053, 954, 768, 343, 591, 783, 1678, 276, 886, 1416]
Essay ids in testing:
[1013, 945, 1187, 966, 1426, 711, 162, 142, 936, 909, 1218, 1402, 1184, 951, 1155, 1553, 460, 1102, 958, 1291, 520, 714, 692, 7, 1720, 1149, 1699, 1737, 557, 887, 560, 509, 1140, 1640, 1018, 1560, 234, 405, 881, 596, 1593, 515, 792, 747, 1588, 716, 345, 1354, 1711, 1129, 176, 81, 1546, 988, 1366, 1665, 1234, 1465, 1565, 299, 1645, 1481, 1558, 149, 1654, 541, 1055, 35, 260, 1518, 1666, 396, 516, 504, 153, 48, 985, 1418, 671, 54, 725, 1657, 119, 538, 895, 108, 125, 1617, 856, 1325, 263, 230, 817, 1111, 1642, 545, 77, 1586, 328, 1092, 1787, 1530, 15, 910, 311, 1783, 1779, 1004, 1730, 1174, 814, 478, 907, 941, 1327, 19, 635, 1403, 1492, 188, 884, 441, 989, 618, 1491, 908, 1352, 1261, 1189, 960, 136, 1332, 514, 523, 736, 1141, 567, 384, 644, 1537, 612, 1042, 470, 356, 446, 1265, 241, 183, 1548, 1119, 660, 304, 40, 1395, 1745, 1771, 571, 1463, 324, 762, 771, 1719, 255, 987, 1324, 6, 59, 250, 218, 1216, 1198, 300, 709, 1415, 921, 974, 1050, 748, 1689, 1146, 192, 1057, 1715, 1644, 535, 224, 411, 599, 997, 145, 1407, 1337, 763, 20, 1335, 1432, 55, 1498, 1554, 445, 1598, 381, 1144, 10, 468, 221, 578, 114, 1087, 1692, 1017, 83, 1390, 1384, 1379, 1061, 1549, 1227, 1266, 67, 86, 1525, 93, 1282, 1358, 123, 1158, 542, 1002, 1079, 1239, 533, 926, 1064, 18, 675, 1113, 532, 53, 417, 279, 1058, 1502, 1609, 519, 1086, 998, 938, 157, 1214, 160, 1672, 38, 1117, 943, 455, 1424, 252, 1151, 1659, 1016, 1089, 379, 1241, 529, 1641, 1029, 1215, 277, 476, 254, 847, 788, 1559, 1312, 492, 673, 443, 890, 272, 949, 1552, 350, 669, 1221, 5, 205, 600, 220, 566, 1196, 449, 924, 1300, 1456, 1464, 269, 335, 32, 1765, 652, 1739, 1104, 1623, 772, 1575, 1587, 715, 561, 584, 651, 1250, 968, 90, 1290, 832, 1299, 1301, 178, 1486, 734, 428, 1041, 570, 1259, 1090, 1136, 364, 490, 437, 521, 751, 1459, 804, 556, 1231, 172, 797, 393, 271, 228, 1466, 1451, 573, 1527, 1292, 831, 1473, 522, 980, 864, 1377, 1347, 193, 261, 973, 916]