ALLOW_SOFT_PLACEMENT=<absl.flags._flag.BooleanFlag object at 0x7fc7be6c78d0>
BATCH_SIZE=<absl.flags._flag.Flag object at 0x7fc7be6c7390>
EMBEDDING_SIZE=<absl.flags._flag.Flag object at 0x7fc7be6c77b8>
EPOCHS=<absl.flags._flag.Flag object at 0x7fc7be6c7550>
EPSILON=<absl.flags._flag.Flag object at 0x7fc7d5b2f5c0>
ESSAY_SET_ID=<absl.flags._flag.Flag object at 0x7fc7be6c7898>
EVALUATION_INTERVAL=<absl.flags._flag.Flag object at 0x7fc7be6c72e8>
FEATURE_SIZE=<absl.flags._flag.Flag object at 0x7fc7be6c74e0>
GATED_ADDRESSING=<absl.flags._flag.BooleanFlag object at 0x7fc7be6c7940>
HOPS=<absl.flags._flag.Flag object at 0x7fc7be6c7668>
KEEP_PROB=<absl.flags._flag.Flag object at 0x7fc7be6c71d0>
L2_LAMBDA=<absl.flags._flag.Flag object at 0x7fc7c01a3c50>
LEARNING_RATE=<absl.flags._flag.Flag object at 0x7fc7be6b5908>
LOG_DEVICE_PLACEMENT=<absl.flags._flag.BooleanFlag object at 0x7fc7be6c7a58>
MAX_GRAD_NORM=<absl.flags._flag.Flag object at 0x7fc7be6c7128>
NUM_SAMPLES=<absl.flags._flag.Flag object at 0x7fc7be6c75f8>
TOKEN_NUM=<absl.flags._flag.Flag object at 0x7fc7be6c7908>
max_score is 12 	 min_score is 2 
max sentence size: 911 
mean sentence size: 392
The size of training data: 1132
The size of testing data: 357
The size of evaluation data: 283

Essay scores in memory:
[2, 3, 4, 5, 6, 7, 8, 9, 10, 11, 12]
Essay ids in memory:
[41, 22, 1253, 1513, 590, 382, 1346, 309, 1417, 919, 321]
Essay ids in training:
[1506, 1045, 565, 1735, 159, 948, 1166, 1534, 576, 1314, 1529, 1345, 1162, 148, 766, 1661, 1369, 1726, 912, 209, 940, 1033, 13, 4, 137, 928, 546, 1356, 413, 1118, 434, 932, 770, 1612, 1319, 1578, 491, 853, 857, 1269, 1469, 555, 1681, 923, 1229, 1233, 611, 586, 889, 983, 8, 768, 496, 1397, 647, 1142, 1169, 678, 1110, 583, 259, 1182, 1747, 1386, 1128, 1727, 333, 1362, 630, 769, 1616, 1024, 728, 1036, 251, 1236, 1656, 752, 1375, 1696, 550, 1051, 992, 795, 24, 467, 1542, 710, 215, 703, 649, 16, 624, 237, 698, 1551, 320, 1014, 873, 1605, 456, 1658, 776, 1222, 1507, 462, 1391, 826, 1685, 332, 56, 177, 934, 696, 1035, 1360, 1406, 1411, 404, 1011, 1310, 245, 1673, 1043, 976, 1392, 338, 1611, 657, 842, 1405, 1461, 1355, 325, 1122, 1705, 1570, 1496, 303, 1359, 1557, 615, 1662, 487, 1063, 1217, 1287, 860, 1083, 1630, 1257, 798, 1237, 1133, 235, 931, 61, 1526, 1309, 539, 1303, 1251, 1520, 774, 1724, 1732, 1046, 1306, 589, 1382, 52, 195, 1247, 1178, 1670, 307, 84, 246, 1697, 822, 1738, 265, 609, 1123, 207, 598, 986, 1070, 742, 109, 1499, 375, 1280, 402, 1059, 1581, 1270, 127, 1535, 834, 558, 1212, 1686, 914, 1192, 1096, 1228, 775, 112, 1170, 1248, 1183, 631, 336, 103, 1361, 284, 98, 1199, 627, 129, 1340, 1636, 866, 1503, 480, 1643, 45, 79, 1100, 536, 1296, 1448, 1201, 721, 577, 1161, 466, 226, 99, 1258, 316, 1175, 286, 1001, 1387, 858, 497, 1311, 111, 699, 143, 1323, 1443, 616, 1209, 89, 211, 855, 621, 1583, 450, 623, 1423, 816, 1773, 1680, 805, 156, 964, 1517, 833, 670, 1404, 1455, 1655, 1778, 1413, 764, 27, 17, 789, 1197, 1755, 982, 1781, 368, 1378, 1006, 1524, 363, 1186, 700, 1687, 580, 1320, 367, 656, 362, 796, 1207, 296, 1528, 1775, 1653, 1137, 233, 275, 1271, 1333, 1679, 76, 724, 494, 791, 865, 1028, 1439, 186, 605, 962, 996, 1156, 1138, 238, 385, 757, 1318, 694, 959, 730, 1078, 614, 779, 1702, 640, 1127, 319, 1637, 592, 1601, 438, 361, 1567, 626, 133, 1770, 165, 780, 904, 498, 1597, 815, 840, 1409, 1039, 713, 1341, 544, 1066, 1651, 1721, 662, 739, 317, 1171, 359, 421, 327, 1647, 140, 758, 1053, 1132, 1283, 312, 800, 1256, 841, 169, 225, 572, 1450, 1008, 432, 1582, 1003, 1471, 1380, 1785, 1674, 267, 185, 1330, 850, 380, 293, 229, 87, 1669, 1683, 946, 708, 1145, 1700, 688, 1729, 1509, 1602, 1075, 433, 436, 184, 1088, 1691, 158, 410, 138, 1776, 1493, 1759, 957, 58, 1073, 687, 174, 823, 574, 1238, 1603, 128, 1638, 1761, 893, 531, 1368, 1160, 1071, 1678, 1068, 965, 346, 809, 1444, 1307, 60, 1223, 179, 1308, 639, 472, 199, 347, 1433, 49, 729, 121, 1538, 1768, 1620, 262, 425, 677, 1295, 1343, 740, 1052, 1440, 116, 1485, 707, 869, 1032, 1599, 1504, 1268, 1758, 658, 668, 477, 999, 502, 378, 475, 1062, 37, 1624, 231, 78, 120, 1047, 894, 1374, 682, 674, 743, 720, 206, 203, 917, 760, 416, 1367, 213, 1760, 1038, 1260, 201, 597, 283, 507, 1357, 636, 994, 249, 323, 1176, 1085, 1072, 1716, 1015, 117, 993, 695, 463, 1608, 1331, 861, 1297, 170, 1422, 755, 306, 991, 1571, 1252, 1568, 1188, 144, 1490, 430, 701, 1081, 1373, 397, 594, 25, 46, 448, 423, 1371, 1668, 1172, 508, 1285, 471, 1420, 602, 689, 953, 1664, 440, 1763, 637, 1478, 1381, 738, 1476, 686, 26, 829, 64, 1294, 1649, 568, 1094, 1751, 819, 1556, 1120, 29, 150, 141, 896, 794, 1275, 661, 1173, 310, 595, 1449, 1353, 243, 353, 72, 282, 810, 543, 947, 619, 972, 2, 1005, 1510, 551, 588, 1539, 1694, 274, 1249, 435, 650, 1514, 291, 642, 1701, 1095, 874, 1180, 1328, 581, 82, 741, 1022, 1562, 784, 1364, 1220, 457, 62, 1365, 400, 886, 897, 1707, 94, 130, 1372, 1230, 1021, 1134, 1026, 1607, 563, 392, 1736, 1684, 582, 606, 1163, 1020, 717, 1708, 1579, 645, 1483, 1338, 1543, 620, 154, 1194, 510, 223, 899, 1488, 1193, 1023, 180, 950, 166, 753, 604, 189, 1276, 1254, 667, 825, 793, 139, 1497, 1652, 1550, 632, 63, 1288, 754, 1634, 517, 1690, 1741, 1532, 1631, 1714, 1467, 135, 1457, 427, 777, 1757, 23, 360, 1547, 1329, 1650, 161, 1501, 1479, 146, 922, 152, 493, 12, 845, 30, 1541, 1445, 349, 222, 1596, 684, 782, 1030, 933, 846, 808, 1305, 1594, 680, 562, 1315, 1034, 1093, 181, 1208, 871, 913, 1500, 1762, 868, 308, 1748, 1135, 1764, 1376, 314, 1508, 765, 155, 1190, 289, 806, 290, 750, 564, 705, 975, 96, 1591, 1753, 1202, 1626, 697, 653, 977, 1067, 1322, 439, 407, 1077, 285, 625, 880, 1125, 1019, 1048, 1428, 1419, 744, 663, 830, 1206, 167, 444, 210, 236, 409, 1453, 485, 1487, 1633, 1430, 967, 1774, 1722, 1191, 101, 1225, 354, 547, 1336, 1408, 424, 97, 1203, 1613, 727, 1080, 1646, 57, 1153, 1350, 898, 358, 1272, 386, 483, 1242, 110, 406, 1177, 292, 528, 646, 408, 1099, 844, 232, 854, 1152, 1044, 415, 373, 1000, 506, 1632, 813, 258, 1334, 1515, 518, 65, 552, 134, 266, 418, 513, 399, 1168, 1427, 268, 648, 212, 1584, 767, 610, 1742, 256, 104, 1150, 1107, 376, 387, 879, 1435, 655, 339, 990, 929, 685, 208, 1074, 1279, 836, 877, 1126, 1667, 981, 461, 1243, 1533, 420, 915, 503, 464, 1576, 1482, 827, 1709, 891, 482, 247, 322, 1031, 1277, 453, 257, 1703, 1446, 527, 1494, 803, 175, 107, 465, 171, 1460, 613, 287, 1731, 591, 1012, 106, 1091, 113, 548, 281, 147, 1313, 422, 1148, 1447, 1400, 481, 469, 1777, 43, 244, 1472, 340, 1025, 372, 1167, 828, 1744, 883, 342, 126, 872, 629, 1545, 1511, 248, 414, 1660, 641, 132, 1717, 1625, 357, 1590, 525, 1255, 198, 691, 401, 1610, 963, 1746, 216, 1606, 75, 723, 1639, 862, 824, 838, 659, 995, 961, 1262, 92, 837, 1712, 298, 3, 942, 859, 1573, 1385, 1278, 51, 390, 1224, 1130, 202, 341, 820, 1441, 1766, 1298, 1321, 315, 781, 501, 1429, 1723, 326, 1698, 33, 194, 1106, 240, 930, 654, 1540, 786, 1750, 219, 66, 851, 1370, 187, 69, 679, 355, 276, 1743, 297, 681, 706, 473, 638, 920, 1399, 1470, 937, 1564, 351, 553, 489, 876, 1663, 608, 1523, 1621, 1069, 429, 1065, 1317, 278, 1600, 1394, 365, 1154, 1339, 331, 1114, 295, 1344, 783, 1484, 559, 1009, 978, 1121, 1458, 1210, 1725, 643, 1512, 1618, 1555, 1139, 21, 168, 1396, 1438, 334, 1622, 1536, 526, 14, 1522, 124, 839, 1574, 534, 253, 1589, 1671, 1159, 587, 1629, 1040, 1628, 273, 1772, 888, 1103, 1143, 811, 512, 1147, 131, 1710, 1393, 737, 726, 1474, 1389, 1786, 1098, 280, 163, 712, 389, 1516, 731, 971, 863, 956, 388, 1109, 1733, 807, 431, 1112, 39, 47, 718, 1264, 71, 1566, 330, 1200, 818, 403, 1326, 80, 835, 458, 984]
Essay ids in evaluation:
[1082, 1281, 1544, 1675, 1204, 115, 745, 1431, 459, 843, 875, 749, 1054, 702, 100, 1614, 628, 1489, 383, 1531, 901, 197, 337, 1348, 9, 1676, 74, 348, 1289, 173, 370, 374, 1108, 1205, 1592, 1284, 746, 329, 1414, 1754, 549, 1037, 31, 118, 305, 802, 607, 1401, 452, 264, 1693, 617, 44, 50, 511, 1706, 759, 369, 704, 1293, 927, 733, 848, 1468, 85, 1718, 1267, 73, 1627, 11, 451, 939, 1782, 91, 1436, 761, 1027, 352, 1116, 1056, 849, 242, 664, 505, 42, 867, 1213, 1563, 1477, 394, 955, 790, 294, 227, 1211, 391, 1648, 540, 1274, 1749, 925, 1561, 1434, 1286, 1752, 918, 634, 732, 1619, 787, 1232, 182, 454, 601, 479, 878, 676, 426, 1388, 486, 970, 569, 593, 785, 1769, 812, 1181, 756, 665, 903, 214, 488, 902, 1505, 288, 1412, 693, 666, 1007, 1569, 906, 821, 318, 773, 1105, 1245, 28, 1398, 1495, 1682, 395, 1049, 1595, 34, 1157, 579, 1185, 801, 371, 1421, 204, 1677, 1572, 190, 969, 885, 1784, 500, 1521, 377, 1416, 102, 239, 911, 1740, 343, 672, 1519, 683, 1728, 1475, 633, 499, 799, 1713, 585, 690, 882, 1165, 68, 1060, 1363, 1410, 1780, 979, 70, 301, 164, 722, 200, 603, 398, 1756, 88, 1273, 1767, 852, 1383, 151, 105, 474, 1010, 366, 1577, 719, 1734, 554, 524, 530, 1084, 1, 1615, 36, 537, 1454, 1240, 935, 1101, 575, 1115, 302, 1437, 1604, 1304, 1585, 1179, 270, 217, 892, 1164, 484, 1425, 944, 447, 1688, 1704, 1480, 1244, 1349, 622, 1226, 1462, 495, 122, 419, 1246, 191, 870, 1263, 1452, 778, 1124, 412, 1342, 1097, 442, 95, 900, 952, 1219, 1442, 1351, 1302, 1580, 905, 1695, 1635, 1195, 196, 1316, 954, 735, 1076]
Essay ids in testing:
[1013, 945, 1187, 966, 1426, 711, 162, 142, 936, 909, 1218, 1402, 1184, 951, 1155, 1553, 460, 1102, 958, 1291, 520, 714, 692, 7, 1720, 1149, 1699, 1737, 557, 887, 560, 509, 1140, 1640, 1018, 1560, 234, 405, 881, 596, 1593, 515, 792, 747, 1588, 716, 345, 1354, 1711, 1129, 176, 81, 1546, 988, 1366, 1665, 1234, 1465, 1565, 299, 1645, 1481, 1558, 149, 1654, 541, 1055, 35, 260, 1518, 1666, 396, 516, 504, 153, 48, 985, 1418, 671, 54, 725, 1657, 119, 538, 895, 108, 125, 1617, 856, 1325, 263, 230, 817, 1111, 1642, 545, 77, 1586, 328, 1092, 1787, 1530, 15, 910, 311, 1783, 1779, 1004, 1730, 1174, 814, 478, 907, 941, 1327, 19, 635, 1403, 1492, 188, 884, 441, 989, 618, 1491, 908, 1352, 1261, 1189, 960, 136, 1332, 514, 523, 736, 1141, 567, 384, 644, 1537, 612, 1042, 470, 356, 446, 1265, 241, 183, 1548, 1119, 660, 304, 40, 1395, 1745, 1771, 571, 1463, 324, 762, 771, 1719, 255, 987, 1324, 6, 59, 250, 218, 1216, 1198, 300, 709, 1415, 921, 974, 1050, 748, 1689, 1146, 192, 1057, 1715, 1644, 535, 224, 411, 599, 997, 145, 1407, 1337, 763, 20, 1335, 1432, 55, 1498, 1554, 445, 1598, 381, 1144, 10, 468, 221, 578, 114, 1087, 1692, 1017, 83, 1390, 1384, 1379, 1061, 1549, 1227, 1266, 67, 86, 1525, 93, 1282, 1358, 123, 1158, 542, 1002, 1079, 1239, 533, 926, 1064, 18, 675, 1113, 532, 53, 417, 279, 1058, 1502, 1609, 519, 1086, 998, 938, 157, 1214, 160, 1672, 38, 1117, 943, 455, 1424, 252, 1151, 1659, 1016, 1089, 379, 1241, 529, 1641, 1029, 1215, 277, 476, 254, 847, 788, 1559, 1312, 492, 673, 443, 890, 272, 949, 1552, 350, 669, 1221, 5, 205, 600, 220, 566, 1196, 449, 924, 1300, 1456, 1464, 269, 335, 32, 1765, 652, 1739, 1104, 1623, 772, 1575, 1587, 715, 561, 584, 651, 1250, 968, 90, 1290, 832, 1299, 1301, 178, 1486, 734, 428, 1041, 570, 1259, 1090, 1136, 364, 490, 437, 521, 751, 1459, 804, 556, 1231, 172, 797, 393, 271, 228, 1466, 1451, 573, 1527, 1292, 831, 1473, 522, 980, 864, 1377, 1347, 193, 261, 973, 916]