ALLOW_SOFT_PLACEMENT=<absl.flags._flag.BooleanFlag object at 0x7f406a1274a8>
BATCH_SIZE=<absl.flags._flag.Flag object at 0x7f406a121eb8>
EMBEDDING_SIZE=<absl.flags._flag.Flag object at 0x7f406a127240>
EPOCHS=<absl.flags._flag.Flag object at 0x7f406a127198>
EPSILON=<absl.flags._flag.Flag object at 0x7f407faac550>
ESSAY_SET_ID=<absl.flags._flag.Flag object at 0x7f406a1272e8>
EVALUATION_INTERVAL=<absl.flags._flag.Flag object at 0x7f406a121e10>
FEATURE_SIZE=<absl.flags._flag.Flag object at 0x7f406a121f60>
GATED_ADDRESSING=<absl.flags._flag.BooleanFlag object at 0x7f406a1273c8>
HOPS=<absl.flags._flag.Flag object at 0x7f406a1270f0>
KEEP_PROB=<absl.flags._flag.Flag object at 0x7f406a121d30>
L2_LAMBDA=<absl.flags._flag.Flag object at 0x7f406a121b38>
LEARNING_RATE=<absl.flags._flag.Flag object at 0x7f406a121be0>
LOG_DEVICE_PLACEMENT=<absl.flags._flag.BooleanFlag object at 0x7f406a127518>
MAX_GRAD_NORM=<absl.flags._flag.Flag object at 0x7f406a121c88>
NUM_SAMPLES=<absl.flags._flag.Flag object at 0x7f406a127048>
TOKEN_NUM=<absl.flags._flag.Flag object at 0x7f406a127390>
max_score is 12 	 min_score is 2 
max sentence size: 911 
mean sentence size: 392
The size of training data: 1132
The size of testing data: 357
The size of evaluation data: 283

Essay scores in memory:
[2, 3, 4, 5, 6, 7, 8, 9, 10, 11, 12]
Essay ids in memory:
[41, 22, 1253, 1513, 590, 382, 1346, 309, 1417, 919, 321]
Essay ids in training:
[1249, 1517, 737, 1343, 543, 710, 401, 1712, 1344, 1510, 1288, 29, 615, 1643, 1319, 1026, 1404, 773, 113, 876, 453, 164, 661, 598, 1396, 227, 1071, 406, 1132, 1436, 62, 501, 1733, 723, 126, 13, 1462, 327, 589, 1154, 963, 1173, 1206, 1157, 1068, 1589, 121, 131, 1036, 1244, 436, 464, 195, 883, 209, 1618, 1122, 408, 1727, 1323, 357, 1126, 1195, 707, 1320, 1631, 1147, 1220, 1526, 390, 291, 402, 173, 983, 1389, 1544, 614, 1336, 148, 1135, 879, 1669, 822, 720, 1123, 249, 1538, 1616, 1629, 1127, 1033, 392, 372, 1751, 553, 505, 338, 1514, 1212, 526, 1453, 232, 1037, 1685, 1152, 1439, 894, 930, 1175, 1114, 177, 1203, 134, 613, 1493, 343, 690, 852, 700, 868, 1705, 1516, 395, 1084, 1365, 1381, 830, 498, 146, 1073, 465, 223, 662, 511, 1455, 440, 206, 1519, 2, 79, 268, 548, 430, 87, 1060, 1431, 419, 1387, 1532, 886, 1329, 283, 965, 246, 759, 668, 857, 606, 231, 1684, 552, 761, 1205, 957, 1470, 1615, 1201, 920, 1373, 1340, 43, 882, 487, 1238, 16, 303, 484, 238, 721, 657, 1423, 506, 92, 940, 581, 528, 579, 1505, 1524, 990, 1200, 544, 482, 970, 1520, 1477, 1192, 1213, 415, 497, 531, 1673, 1263, 1020, 758, 1671, 718, 11, 1573, 642, 1083, 810, 1461, 117, 617, 750, 1416, 861, 842, 337, 1576, 1460, 1529, 688, 210, 1, 1536, 824, 240, 235, 1356, 1539, 826, 179, 259, 576, 450, 749, 927, 1046, 31, 143, 732, 373, 812, 694, 102, 9, 1434, 691, 493, 649, 284, 264, 1240, 708, 793, 280, 1747, 1590, 638, 1202, 766, 593, 834, 1702, 1763, 816, 1109, 1738, 1592, 1258, 1515, 360, 1003, 704, 846, 1714, 380, 1709, 1637, 961, 1388, 1555, 347, 733, 931, 115, 229, 911, 1764, 740, 1458, 1047, 550, 950, 1295, 1100, 1547, 1756, 559, 754, 236, 1634, 807, 1097, 1632, 413, 161, 330, 317, 80, 1284, 481, 835, 302, 194, 1744, 1254, 546, 1676, 82, 1169, 1106, 1247, 785, 1725, 258, 439, 1650, 746, 1649, 425, 1474, 1182, 282, 739, 765, 289, 1478, 1108, 1051, 276, 634, 1723, 1770, 244, 1528, 352, 91, 829, 1408, 554, 385, 1728, 1172, 1429, 388, 429, 1306, 1480, 452, 110, 1165, 770, 295, 629, 1118, 780, 1371, 137, 1211, 1772, 212, 1701, 1670, 308, 647, 1204, 1330, 655, 582, 764, 473, 923, 1656, 1245, 977, 1209, 873, 124, 539, 1228, 601, 744, 1293, 786, 285, 214, 1716, 527, 872, 1599, 1297, 859, 1457, 1248, 1680, 278, 1142, 49, 1428, 1646, 34, 1027, 648, 1663, 1208, 348, 1133, 1427, 147, 805, 1785, 1496, 1444, 133, 1217, 1485, 1362, 496, 801, 190, 389, 1178, 1483, 696, 624, 287, 658, 45, 61, 685, 794, 1604, 239, 1199, 677, 219, 1376, 76, 1375, 1045, 513, 64, 877, 953, 217, 1731, 1053, 262, 791, 24, 888, 1280, 674, 1399, 646, 334, 1452, 1406, 1000, 200, 1296, 1304, 637, 837, 1425, 1143, 301, 1085, 1768, 1507, 939, 1130, 184, 30, 281, 1095, 1503, 843, 993, 1647, 844, 1094, 70, 944, 1069, 397, 869, 204, 885, 809, 802, 1545, 97, 251, 1386, 354, 1401, 1687, 1441, 50, 572, 1348, 1101, 819, 266, 391, 1359, 1112, 130, 702, 1703, 934, 891, 1008, 518, 1072, 1639, 297, 1167, 72, 166, 767, 256, 1054, 404, 1274, 915, 979, 129, 1557, 964, 1449, 8, 1374, 225, 138, 1612, 854, 1729, 407, 462, 862, 959, 609, 1482, 500, 712, 782, 1409, 1718, 1410, 1233, 1667, 94, 1012, 1298, 1281, 863, 874, 1048, 1272, 610, 374, 774, 1197, 120, 1564, 25, 132, 995, 906, 12, 1044, 27, 201, 1753, 242, 306, 549, 416, 1273, 370, 1397, 607, 547, 851, 1310, 1161, 477, 1583, 1743, 208, 329, 1438, 1566, 1294, 358, 1351, 1277, 1023, 1339, 103, 1681, 1620, 1594, 409, 442, 1110, 479, 853, 4, 841, 1191, 489, 1533, 893, 1497, 1450, 434, 485, 1077, 565, 78, 1475, 494, 1607, 1487, 800, 163, 222, 1563, 855, 499, 666, 1577, 683, 1627, 1145, 105, 1302, 74, 1523, 375, 1421, 633, 1207, 421, 1501, 3, 738, 68, 1039, 1443, 466, 394, 1704, 1686, 1760, 787, 1225, 955, 314, 918, 1283, 1223, 540, 1467, 89, 1103, 962, 1219, 1446, 1367, 247, 727, 150, 1185, 474, 362, 398, 75, 292, 880, 322, 420, 1014, 1035, 1741, 342, 1674, 1115, 1275, 1433, 189, 168, 969, 1166, 536, 899, 898, 1608, 621, 1237, 1600, 735, 1070, 813, 1690, 1025, 1308, 1420, 1651, 838, 1679, 56, 1693, 1183, 427, 486, 664, 670, 1580, 1571, 639, 902, 1512, 286, 1393, 1309, 127, 889, 778, 1091, 339, 1655, 769, 58, 1437, 676, 1722, 984, 1500, 654, 46, 109, 1357, 1287, 1499, 73, 1153, 403, 703, 1059, 1706, 1550, 1074, 502, 903, 1736, 1345, 96, 319, 1181, 23, 1660, 1270, 17, 1159, 1584, 1391, 1139, 104, 681, 207, 1585, 1032, 1708, 1721, 728, 1179, 866, 1286, 726, 310, 827, 95, 952, 1606, 1315, 1774, 361, 1243, 1568, 1380, 1096, 21, 1193, 1028, 454, 917, 743, 1742, 122, 892, 818, 1726, 199, 1150, 495, 1269, 586, 605, 871, 1472, 186, 1688, 1521, 510, 1030, 1445, 833, 1076, 1190, 627, 226, 1411, 60, 400, 640, 1468, 422, 307, 914, 1321, 1303, 595, 1619, 233, 1447, 978, 904, 956, 577, 167, 741, 839, 1168, 551, 1318, 57, 480, 1005, 435, 1176, 28, 1098, 1713, 875, 331, 1579, 1448, 140, 905, 141, 1636, 1561, 922, 426, 1349, 659, 1682, 672, 896, 1305, 592, 1364, 641, 619, 1614, 1267, 555, 185, 1001, 1065, 1052, 491, 312, 798, 1778, 1007, 860, 1766, 588, 981, 355, 597, 783, 508, 1570, 1317, 603, 1732, 1006, 811, 144, 293, 171, 69, 84, 1435, 458, 1066, 994, 611, 1229, 14, 1633, 1777, 752, 412, 1581, 1022, 155, 1034, 165, 929, 1610, 1543, 351, 1740, 1700, 695, 928, 684, 1268, 1430, 1582, 534, 1353, 169, 1278, 775, 1011, 687, 1535, 858, 1697, 116, 507, 1368, 1440, 51, 290, 623, 1734, 1063, 245, 1162, 1392, 608, 1316, 1251, 1188, 197, 645, 933, 784, 47, 680, 625, 1710, 1754, 198, 1484, 1691, 849, 777, 187, 1010, 1469, 848, 1171, 1759, 1677, 346, 946, 66, 158, 320, 274, 1419, 1038, 215, 1246, 1313, 333, 1591, 1224, 294, 753, 1394, 170, 135, 267, 26, 424, 106, 1572, 1454, 1369, 63, 1285, 1081, 1361, 699, 742, 1605, 1540, 159, 1121, 340, 1784, 448, 1569, 202, 1350, 1242, 191, 1314, 1596, 1134, 1757, 1019, 1236, 1163, 789, 1342, 118, 1289, 1749, 686, 44, 768, 1542, 438, 1009, 1574, 451, 1024, 663, 1675, 1668, 656, 128, 1271, 1370, 461, 459, 107, 1120, 682, 36, 1628, 1626, 574, 760, 679, 1541, 705, 795, 181, 665, 39, 1638, 729, 467, 1780, 1414, 457, 296, 1662, 1230, 512, 698, 701, 935, 1522, 37, 1331, 316, 954, 900, 253, 781, 1398, 1769, 1334, 803, 1232, 1506, 757, 216, 870, 525, 1782, 1040, 806, 1413, 1333, 1412, 942, 1602, 1311, 1170, 98, 353, 387, 1082, 697]
Essay ids in evaluation:
[1148, 1781, 1080, 1107, 558, 1648, 755, 377, 1075, 730, 1695, 65, 248, 1755, 815, 1717, 796, 180, 622, 423, 616, 1696, 591, 1137, 1088, 626, 152, 1511, 991, 369, 1056, 948, 1495, 947, 99, 1307, 1624, 151, 1758, 836, 456, 365, 999, 447, 1750, 706, 1613, 1067, 341, 1260, 650, 722, 1177, 33, 139, 719, 653, 689, 431, 1683, 213, 1504, 628, 865, 359, 1678, 1534, 1164, 631, 878, 1707, 432, 587, 823, 1562, 620, 693, 1489, 594, 368, 820, 444, 325, 1658, 1105, 517, 1222, 745, 821, 326, 1021, 433, 376, 503, 1494, 1601, 336, 1767, 1490, 1471, 604, 1476, 1786, 349, 828, 1578, 1355, 156, 731, 1567, 1160, 1405, 1442, 1326, 901, 1180, 845, 643, 585, 992, 756, 1078, 1043, 1748, 1556, 323, 564, 1653, 270, 808, 1422, 1378, 483, 1531, 463, 1595, 867, 1226, 1385, 1625, 776, 1698, 825, 383, 583, 1621, 100, 414, 971, 575, 363, 1622, 790, 196, 101, 982, 996, 1194, 1328, 717, 1256, 154, 1611, 1255, 52, 1724, 243, 182, 569, 298, 1015, 937, 1652, 972, 1049, 925, 367, 475, 211, 1694, 1382, 42, 371, 1186, 1093, 1752, 1099, 386, 1031, 636, 967, 471, 1276, 779, 399, 257, 1635, 1775, 418, 678, 630, 175, 537, 632, 1776, 1262, 1264, 568, 932, 1488, 88, 897, 275, 1479, 112, 1664, 840, 1746, 1138, 1210, 305, 1116, 1062, 71, 912, 799, 563, 288, 1341, 111, 1773, 85, 976, 724, 975, 366, 1124, 174, 1762, 469, 1279, 713, 667, 1360, 524, 1761, 913, 318, 1603, 1372, 410, 1508, 273, 488, 1597, 378, 1735, 1383, 1509, 1400, 1551, 203, 237, 265, 530, 1630, 1322, 1125, 332, 1156, 580, 472, 315, 1661, 1252, 1128, 602, 986, 850, 1257, 1363, 1338, 562]
Essay ids in testing:
[1013, 945, 1187, 966, 1426, 711, 162, 142, 936, 909, 1218, 1402, 1184, 951, 1155, 1553, 460, 1102, 958, 1291, 520, 714, 692, 7, 1720, 1149, 1699, 1737, 557, 887, 560, 509, 1140, 1640, 1018, 1560, 234, 405, 881, 596, 1593, 515, 792, 747, 1588, 716, 345, 1354, 1711, 1129, 176, 81, 1546, 988, 1366, 1665, 1234, 1465, 1565, 299, 1645, 1481, 1558, 149, 1654, 541, 1055, 35, 260, 1518, 1666, 396, 516, 504, 153, 48, 985, 1418, 671, 54, 725, 1657, 119, 538, 895, 108, 125, 1617, 856, 1325, 263, 230, 817, 1111, 1642, 545, 77, 1586, 328, 1092, 1787, 1530, 15, 910, 311, 1783, 1779, 1004, 1730, 1174, 814, 478, 907, 941, 1327, 19, 635, 1403, 1492, 188, 884, 441, 989, 618, 1491, 908, 1352, 1261, 1189, 960, 136, 1332, 514, 523, 736, 1141, 567, 384, 644, 1537, 612, 1042, 470, 356, 446, 1265, 241, 183, 1548, 1119, 660, 304, 40, 1395, 1745, 1771, 571, 1463, 324, 762, 771, 1719, 255, 987, 1324, 6, 59, 250, 218, 1216, 1198, 300, 709, 1415, 921, 974, 1050, 748, 1689, 1146, 192, 1057, 1715, 1644, 535, 224, 411, 599, 997, 145, 1407, 1337, 763, 20, 1335, 1432, 55, 1498, 1554, 445, 1598, 381, 1144, 10, 468, 221, 578, 114, 1087, 1692, 1017, 83, 1390, 1384, 1379, 1061, 1549, 1227, 1266, 67, 86, 1525, 93, 1282, 1358, 123, 1158, 542, 1002, 1079, 1239, 533, 926, 1064, 18, 675, 1113, 532, 53, 417, 279, 1058, 1502, 1609, 519, 1086, 998, 938, 157, 1214, 160, 1672, 38, 1117, 943, 455, 1424, 252, 1151, 1659, 1016, 1089, 379, 1241, 529, 1641, 1029, 1215, 277, 476, 254, 847, 788, 1559, 1312, 492, 673, 443, 890, 272, 949, 1552, 350, 669, 1221, 5, 205, 600, 220, 566, 1196, 449, 924, 1300, 1456, 1464, 269, 335, 32, 1765, 652, 1739, 1104, 1623, 772, 1575, 1587, 715, 561, 584, 651, 1250, 968, 90, 1290, 832, 1299, 1301, 178, 1486, 734, 428, 1041, 570, 1259, 1090, 1136, 364, 490, 437, 521, 751, 1459, 804, 556, 1231, 172, 797, 393, 271, 228, 1466, 1451, 573, 1527, 1292, 831, 1473, 522, 980, 864, 1377, 1347, 193, 261, 973, 916]